-0.00120
-0.00095
-0.00070
-0.00050
-0.00030
-0.00035
-0.00040
-0.00045
-0.00050
-0.00025
-0.00000
0.00030
0.00060
0.00190
0.00320
0.00445
0.00570
0.00580
0.00590
0.00600
0.00610
0.00570
0.00530
0.00490
0.00450
0.00485
0.00520
0.00550
0.00580
0.00570
0.00560
0.00550
0.00540
0.00455
0.00370
0.00290
0.00210
0.00230
0.00250
0.00275
0.00300
0.00340
0.00380
0.00420
0.00460
0.00445
0.00430
0.00415
0.00400
0.00335
0.00270
0.00205
0.00140
0.00010
-0.00120
-0.00245
-0.00370
-0.00465
-0.00560
-0.00655
-0.00750
-0.00785
-0.00820
-0.00855
-0.00890
-0.00865
-0.00840
-0.00815
-0.00790
-0.00660
-0.00530
-0.00395
-0.00260
-0.00120
0.00020
0.00160
0.00300
0.00350
0.00400
0.00455
0.00510
0.00440
0.00370
0.00300
0.00230
0.00145
0.00060
-0.00025
-0.00110
-0.00105
-0.00100
-0.00095
-0.00090
-0.00100
-0.00110
-0.00115
-0.00120
0.00045
0.00210
0.00380
0.00550
0.00770
0.00990
0.01215
0.01440
0.01410
0.01380
0.01350
0.01320
0.01265
0.01210
0.01150
0.01090
0.01075
0.01060
0.01040
0.01020
0.00895
0.00770
0.00645
0.00520
0.00230
-0.00060
-0.00355
-0.00650
-0.00865
-0.01080
-0.01300
-0.01520
-0.01620
-0.01720
-0.01820
-0.01920
-0.01975
-0.02030
-0.02090
-0.02150
-0.02010
-0.01870
-0.01730
-0.01590
-0.01380
-0.01170
-0.00955
-0.00740
-0.00570
-0.00400
-0.00230
-0.00060
0.00110
0.00280
0.00455
0.00630
0.00665
0.00700
0.00740
0.00780
0.00760
0.00740
0.00725
0.00710
0.00645
0.00580
0.00515
0.00450
0.00370
0.00290
0.00210
0.00130
0.00020
-0.00090
-0.00195
-0.00300
-0.00460
-0.00620
-0.00780
-0.00940
-0.00870
-0.00800
-0.00725
-0.00650
-0.00280
0.00090
0.00465
0.00840
0.01190
0.01540
0.01885
0.02230
0.02135
0.02040
0.01945
0.01850
0.01765
0.01680
0.01595
0.01510
0.01405
0.01300
0.01200
0.01100
0.00785
0.00470
0.00150
-0.00170
-0.00475
-0.00780
-0.01090
-0.01400
-0.01560
-0.01720
-0.01880
-0.02040
-0.02125
-0.02210
-0.02300
-0.02390
-0.02575
-0.02760
-0.02945
-0.03130
-0.03105
-0.03080
-0.03060
-0.03040
-0.02800
-0.02560
-0.02325
-0.02090
-0.01615
-0.01140
-0.00665
-0.00190
0.00400
0.00990
0.01575
0.02160
0.02310
0.02460
0.02615
0.02770
0.02565
0.02360
0.02155
0.01950
0.01550
0.01150
0.00755
0.00360
0.00240
0.00120
0.00000
-0.00120
0.00075
0.00270
0.00470
0.00670
0.00940
0.01210
0.01480
0.01750
0.01990
0.02230
0.02470
0.02710
0.02745
0.02780
0.02815
0.02850
0.02560
0.02270
0.01985
0.01700
0.01220
0.00740
0.00265
-0.00210
-0.00245
-0.00280
-0.00310
-0.00340
0.00105
0.00550
0.00995
0.01440
0.01565
0.01690
0.01820
0.01950
0.01675
0.01400
0.01130
0.00860
0.00455
0.00050
-0.00350
-0.00750
-0.01530
-0.02310
-0.03095
-0.03880
-0.04360
-0.04840
-0.05320
-0.05800
-0.05780
-0.05760
-0.05740
-0.05720
-0.05055
-0.04390
-0.03730
-0.03070
-0.02370
-0.01670
-0.00975
-0.00280
0.00475
0.01230
0.01985
0.02740
0.03425
0.04110
0.04790
0.05470
0.05635
0.05800
0.05960
0.06120
0.05545
0.04970
0.04395
0.03820
0.02920
0.02020
0.01115
0.00210
-0.00095
-0.00400
-0.00710
-0.01020
-0.01185
-0.01350
-0.01520
-0.01690
-0.01700
-0.01710
-0.01720
-0.01730
-0.01785
-0.01840
-0.01895
-0.01950
-0.01515
-0.01080
-0.00645
-0.00210
0.00680
0.01570
0.02465
0.03360
0.03470
0.03580
0.03685
0.03790
0.03230
0.02670
0.02110
0.01550
0.00620
-0.00310
-0.01240
-0.02170
-0.02830
-0.03490
-0.04155
-0.04820
-0.04860
-0.04900
-0.04935
-0.04970
-0.04795
-0.04620
-0.04445
-0.04270
-0.03720
-0.03170
-0.02620
-0.02070
-0.01100
-0.00130
0.00845
0.01820
0.02765
0.03710
0.04660
0.05610
0.05825
0.06040
0.06255
0.06470
0.05940
0.05410
0.04880
0.04350
0.03770
0.03190
0.02615
0.02040
0.01340
0.00640
-0.00055
-0.00750
-0.01685
-0.02620
-0.03555
-0.04490
-0.04685
-0.04880
-0.05080
-0.05280
-0.04685
-0.04090
-0.03495
-0.02900
-0.02160
-0.01420
-0.00685
0.00050
0.00690
0.01330
0.01975
0.02620
0.03120
0.03620
0.04120
0.04620
0.04375
0.04130
0.03890
0.03650
0.02610
0.01570
0.00535
-0.00500
-0.00925
-0.01350
-0.01775
-0.02200
-0.01960
-0.01720
-0.01480
-0.01240
-0.00945
-0.00650
-0.00355
-0.00060
-0.00190
-0.00320
-0.00450
-0.00580
-0.00735
-0.00890
-0.01050
-0.01210
-0.01170
-0.01130
-0.01090
-0.01050
-0.00765
-0.00480
-0.00200
0.00080
0.00075
0.00070
0.00065
0.00060
-0.00715
-0.01490
-0.02265
-0.03040
-0.02925
-0.02810
-0.02695
-0.02580
-0.01895
-0.01210
-0.00525
0.00160
-0.00170
-0.00500
-0.00825
-0.01150
-0.02010
-0.02870
-0.03735
-0.04600
-0.04410
-0.04220
-0.04030
-0.03840
-0.03200
-0.02560
-0.01920
-0.01280
-0.00335
0.00610
0.01555
0.02500
0.03620
0.04740
0.05865
0.06990
0.07355
0.07720
0.08090
0.08460
0.07525
0.06590
0.05660
0.04730
0.04130
0.03530
0.02925
0.02320
0.02205
0.02090
0.01970
0.01850
0.01100
0.00350
-0.00400
-0.01150
-0.01700
-0.02250
-0.02805
-0.03360
-0.03570
-0.03780
-0.03990
-0.04200
-0.04325
-0.04450
-0.04580
-0.04710
-0.04335
-0.03960
-0.03585
-0.03210
-0.01750
-0.00290
0.01170
0.02630
0.03835
0.05040
0.06245
0.07450
0.07005
0.06560
0.06120
0.05680
0.04275
0.02870
0.01465
0.00060
-0.01240
-0.02540
-0.03840
-0.05140
-0.05955
-0.06770
-0.07585
-0.08400
-0.08895
-0.09390
-0.09890
-0.10390
-0.09915
-0.09440
-0.08960
-0.08480
-0.07405
-0.06330
-0.05250
-0.04170
-0.03265
-0.02360
-0.01450
-0.00540
0.00240
0.01020
0.01805
0.02590
0.03285
0.03980
0.04675
0.05370
0.05780
0.06190
0.06600
0.07010
0.06480
0.05950
0.05415
0.04880
0.03930
0.02980
0.02035
0.01090
0.00385
-0.00320
-0.01025
-0.01730
-0.01625
-0.01520
-0.01415
-0.01310
-0.00350
0.00610
0.01565
0.02520
0.03190
0.03860
0.04530
0.05200
0.05315
0.05430
0.05540
0.05650
0.05480
0.05310
0.05135
0.04960
0.04665
0.04370
0.04075
0.03780
0.03080
0.02380
0.01680
0.00980
-0.00290
-0.01560
-0.02825
-0.04090
-0.05130
-0.06170
-0.07205
-0.08240
-0.08125
-0.08010
-0.07890
-0.07770
-0.06775
-0.05780
-0.04780
-0.03780
-0.02870
-0.01960
-0.01045
-0.00130
0.01050
0.02230
0.03410
0.04590
0.05290
0.05990
0.06685
0.07380
0.06900
0.06420
0.05935
0.05450
0.05115
0.04780
0.04450
0.04120
0.04450
0.04780
0.05105
0.05430
0.05580
0.05730
0.05875
0.06020
0.05890
0.05760
0.05625
0.05490
0.05300
0.05110
0.04920
0.04730
0.04275
0.03820
0.03360
0.02900
0.02045
0.01190
0.00335
-0.00520
-0.01330
-0.02140
-0.02945
-0.03750
-0.04655
-0.05560
-0.06470
-0.07380
-0.07910
-0.08440
-0.08970
-0.09500
-0.09480
-0.09460
-0.09440
-0.09420
-0.09270
-0.09120
-0.08965
-0.08810
-0.08425
-0.08040
-0.07655
-0.07270
-0.06615
-0.05960
-0.05305
-0.04650
-0.04130
-0.03610
-0.03085
-0.02560
-0.02410
-0.02260
-0.02105
-0.01950
-0.01860
-0.01770
-0.01685
-0.01600
-0.00575
0.00450
0.01470
0.02490
0.03670
0.04850
0.06035
0.07220
0.07280
0.07340
0.07400
0.07460
0.06625
0.05790
0.04955
0.04120
0.03045
0.01970
0.00895
-0.00180
-0.00535
-0.00890
-0.01240
-0.01590
-0.01325
-0.01060
-0.00795
-0.00530
-0.00315
-0.00100
0.00115
0.00330
0.00070
-0.00190
-0.00450
-0.00710
-0.01110
-0.01510
-0.01910
-0.02310
-0.02080
-0.01850
-0.01625
-0.01400
-0.00520
0.00360
0.01235
0.02110
0.02505
0.02900
0.03290
0.03680
0.04180
0.04680
0.05180
0.05680
0.06095
0.06510
0.06920
0.07330
0.06405
0.05480
0.04555
0.03630
0.02745
0.01860
0.00980
0.00100
0.00105
0.00110
0.00115
0.00120
0.00340
0.00560
0.00775
0.00990
0.01270
0.01550
0.01830
0.02110
0.02330
0.02550
0.02770
0.02990
0.02365
0.01740
0.01120
0.00500
-0.00920
-0.02340
-0.03755
-0.05170
-0.06215
-0.07260
-0.08305
-0.09350
-0.09690
-0.10030
-0.10365
-0.10700
-0.10490
-0.10280
-0.10065
-0.09850
-0.09160
-0.08470
-0.07785
-0.07100
-0.06035
-0.04970
-0.03905
-0.02840
-0.01980
-0.01120
-0.00255
0.00610
0.00735
0.00860
0.00985
0.01110
0.01240
0.01370
0.01500
0.01630
0.01945
0.02260
0.02580
0.02900
0.02785
0.02670
0.02550
0.02430
0.02160
0.01890
0.01620
0.01350
0.01305
0.01260
0.01210
0.01160
0.01005
0.00850
0.00695
0.00540
0.00060
-0.00420
-0.00905
-0.01390
-0.01885
-0.02380
-0.02870
-0.03360
-0.03660
-0.03960
-0.04255
-0.04550
-0.04720
-0.04890
-0.05055
-0.05220
-0.05380
-0.05540
-0.05695
-0.05850
-0.05230
-0.04610
-0.03985
-0.03360
-0.01735
-0.00110
0.01515
0.03140
0.04610
0.06080
0.07550
0.09020
0.09435
0.09850
0.10270
0.10690
0.10720
0.10750
0.10775
0.10800
0.10785
0.10770
0.10755
0.10740
0.09800
0.08860
0.07925
0.06990
0.05395
0.03800
0.02210
0.00620
-0.00410
-0.01440
-0.02475
-0.03510
-0.03745
-0.03980
-0.04220
-0.04460
-0.04560
-0.04660
-0.04760
-0.04860
-0.04460
-0.04060
-0.03665
-0.03270
-0.02795
-0.02320
-0.01845
-0.01370
-0.01335
-0.01300
-0.01270
-0.01240
-0.01445
-0.01650
-0.01860
-0.02070
-0.02175
-0.02280
-0.02390
-0.02500
-0.01920
-0.01340
-0.00760
-0.00180
0.00455
0.01090
0.01730
0.02370
0.02445
0.02520
0.02590
0.02660
0.02525
0.02390
0.02250
0.02110
0.01950
0.01790
0.01630
0.01470
0.01290
0.01110
0.00930
0.00750
0.00500
0.00250
0.00005
-0.00240
-0.00245
-0.00250
-0.00255
-0.00260
-0.00315
-0.00370
-0.00430
-0.00490
-0.01290
-0.02090
-0.02895
-0.03700
-0.04075
-0.04450
-0.04825
-0.05200
-0.04885
-0.04570
-0.04260
-0.03950
-0.03710
-0.03470
-0.03230
-0.02990
-0.03005
-0.03020
-0.03035
-0.03050
-0.02935
-0.02820
-0.02710
-0.02600
-0.01910
-0.01220
-0.00530
0.00160
0.00890
0.01620
0.02355
0.03090
0.03560
0.04030
0.04505
0.04980
0.05680
0.06380
0.07080
0.07780
0.08945
0.10110
0.11275
0.12440
0.12985
0.13530
0.14080
0.14630
0.13585
0.12540
0.11490
0.10440
0.08695
0.06950
0.05200
0.03450
0.01980
0.00510
-0.00960
-0.02430
-0.03600
-0.04770
-0.05945
-0.07120
-0.08015
-0.08910
-0.09810
-0.10710
-0.11040
-0.11370
-0.11700
-0.12030
-0.11945
-0.11860
-0.11780
-0.11700
-0.11145
-0.10590
-0.10030
-0.09470
-0.08845
-0.08220
-0.07595
-0.06970
-0.06675
-0.06380
-0.06090
-0.05800
-0.05580
-0.05360
-0.05145
-0.04930
-0.04915
-0.04900
-0.04885
-0.04870
-0.05500
-0.06130
-0.06755
-0.07380
-0.07975
-0.08570
-0.09160
-0.09750
-0.09745
-0.09740
-0.09730
-0.09720
-0.08820
-0.07920
-0.07020
-0.06120
-0.04935
-0.03750
-0.02560
-0.01370
-0.00095
0.01180
0.02450
0.03720
0.05065
0.06410
0.07750
0.09090
0.09650
0.10210
0.10770
0.11330
0.11070
0.10810
0.10545
0.10280
0.09385
0.08490
0.07595
0.06700
0.06205
0.05710
0.05215
0.04720
0.04535
0.04350
0.04170
0.03990
0.03880
0.03770
0.03665
0.03560
0.03230
0.02900
0.02570
0.02240
0.01905
0.01570
0.01240
0.00910
0.00920
0.00930
0.00940
0.00950
0.01190
0.01430
0.01670
0.01910
0.02265
0.02620
0.02975
0.03330
0.03275
0.03220
0.03165
0.03110
0.02290
0.01470
0.00645
-0.00180
-0.01630
-0.03080
-0.04530
-0.05980
-0.07350
-0.08720
-0.10090
-0.11460
-0.12650
-0.13840
-0.15030
-0.16220
-0.16670
-0.17120
-0.17565
-0.18010
-0.17995
-0.17980
-0.17970
-0.17960
-0.17660
-0.17360
-0.17060
-0.16760
-0.15870
-0.14980
-0.14085
-0.13190
-0.11895
-0.10600
-0.09310
-0.08020
-0.06115
-0.04210
-0.02310
-0.00410
0.01155
0.02720
0.04285
0.05850
0.05575
0.05300
0.05020
0.04740
0.03305
0.01870
0.00435
-0.01000
-0.01680
-0.02360
-0.03035
-0.03710
-0.03795
-0.03880
-0.03960
-0.04040
-0.03980
-0.03920
-0.03860
-0.03800
-0.03660
-0.03520
-0.03375
-0.03230
-0.03050
-0.02870
-0.02690
-0.02510
-0.02295
-0.02080
-0.01865
-0.01650
-0.01640
-0.01630
-0.01620
-0.01610
-0.01485
-0.01360
-0.01240
-0.01120
-0.00985
-0.00850
-0.00720
-0.00590
-0.00505
-0.00420
-0.00335
-0.00250
-0.00505
-0.00760
-0.01010
-0.01260
-0.02500
-0.03740
-0.04980
-0.06220
-0.06940
-0.07660
-0.08385
-0.09110
-0.08885
-0.08660
-0.08430
-0.08200
-0.06185
-0.04170
-0.02155
-0.00140
0.02805
0.05750
0.08695
0.11640
0.14610
0.17580
0.20555
0.23530
0.26290
0.29050
0.31805
0.34560
0.35755
0.36950
0.38140
0.39330
0.39800
0.40270
0.40740
0.41210
0.39745
0.38280
0.36815
0.35350
0.31790
0.28230
0.24675
0.21120
0.17505
0.13890
0.10275
0.06660
0.03915
0.01170
-0.01580
-0.04330
-0.06620
-0.08910
-0.11200
-0.13490
-0.15140
-0.16790
-0.18445
-0.20100
-0.21775
-0.23450
-0.25130
-0.26810
-0.27845
-0.28880
-0.29920
-0.30960
-0.30915
-0.30870
-0.30830
-0.30790
-0.28390
-0.25990
-0.23590
-0.21190
-0.18265
-0.15340
-0.12410
-0.09480
-0.04120
0.01240
0.06600
0.11960
0.19155
0.26350
0.33545
0.40740
0.40240
0.39740
0.39240
0.38740
0.34065
0.29390
0.24720
0.20050
0.15815
0.11580
0.07340
0.03100
0.00935
-0.01230
-0.03400
-0.05570
-0.06060
-0.06550
-0.07040
-0.07530
-0.06740
-0.05950
-0.05155
-0.04360
-0.02330
-0.00300
0.01735
0.03770
0.05640
0.07510
0.09380
0.11250
0.11770
0.12290
0.12815
0.13340
0.13355
0.13370
0.13390
0.13410
0.12490
0.11570
0.10650
0.09730
0.07725
0.05720
0.03720
0.01720
-0.00385
-0.02490
-0.04590
-0.06690
-0.07295
-0.07900
-0.08510
-0.09120
-0.08425
-0.07730
-0.07040
-0.06350
-0.05600
-0.04850
-0.04100
-0.03350
-0.02370
-0.01390
-0.00410
0.00570
0.02065
0.03560
0.05055
0.06550
0.06700
0.06850
0.07000
0.07150
0.05355
0.03560
0.01770
-0.00020
-0.01760
-0.03500
-0.05240
-0.06980
-0.08750
-0.10520
-0.12295
-0.14070
-0.14320
-0.14570
-0.14815
-0.15060
-0.13965
-0.12870
-0.11775
-0.10680
-0.08615
-0.06550
-0.04485
-0.02420
0.01560
0.05540
0.09515
0.13490
0.17975
0.22460
0.26945
0.31430
0.34235
0.37040
0.39850
0.42660
0.43405
0.44150
0.44900
0.45650
0.42365
0.39080
0.35795
0.32510
0.29365
0.26220
0.23080
0.19940
0.18725
0.17510
0.16295
0.15080
0.13665
0.12250
0.10835
0.09420
0.07995
0.06570
0.05150
0.03730
0.02400
0.01070
-0.00260
-0.01590
-0.02495
-0.03400
-0.04300
-0.05200
-0.05730
-0.06260
-0.06785
-0.07310
-0.07655
-0.08000
-0.08345
-0.08690
-0.08920
-0.09150
-0.09380
-0.09610
-0.10110
-0.10610
-0.11110
-0.11610
-0.12385
-0.13160
-0.13935
-0.14710
-0.15855
-0.17000
-0.18145
-0.19290
-0.20560
-0.21830
-0.23100
-0.24370
-0.25480
-0.26590
-0.27695
-0.28800
-0.30040
-0.31280
-0.32520
-0.33760
-0.34085
-0.34410
-0.34740
-0.35070
-0.35155
-0.35240
-0.35320
-0.35400
-0.34015
-0.32630
-0.31245
-0.29860
-0.27855
-0.25850
-0.23845
-0.21840
-0.19765
-0.17690
-0.15615
-0.13540
-0.10905
-0.08270
-0.05640
-0.03010
0.01805
0.06620
0.11435
0.16250
0.16350
0.16450
0.16550
0.16650
0.12430
0.08210
0.03990
-0.00230
-0.02965
-0.05700
-0.08430
-0.11160
-0.13620
-0.16080
-0.18540
-0.21000
-0.22945
-0.24890
-0.26830
-0.28770
-0.29930
-0.31090
-0.32255
-0.33420
-0.33535
-0.33650
-0.33765
-0.33880
-0.33180
-0.32480
-0.31780
-0.31080
-0.29945
-0.28810
-0.27670
-0.26530
-0.24345
-0.22160
-0.19975
-0.17790
-0.15380
-0.12970
-0.10560
-0.08150
0.00605
0.09360
0.18115
0.26870
0.33625
0.40380
0.47135
0.53890
0.54025
0.54160
0.54295
0.54430
0.55030
0.55630
0.56230
0.56830
0.54090
0.51350
0.48615
0.45880
0.43415
0.40950
0.38485
0.36020
0.34045
0.32070
0.30095
0.28120
0.26075
0.24030
0.21980
0.19930
0.16945
0.13960
0.10970
0.07980
0.05780
0.03580
0.01375
-0.00830
-0.02700
-0.04570
-0.06440
-0.08310
-0.09715
-0.11120
-0.12530
-0.13940
-0.14705
-0.15470
-0.16235
-0.17000
-0.16935
-0.16870
-0.16800
-0.16730
-0.15555
-0.14380
-0.13210
-0.12040
-0.10560
-0.09080
-0.07605
-0.06130
-0.04325
-0.02520
-0.00715
0.01090
0.02715
0.04340
0.05965
0.07590
0.08720
0.09850
0.10975
0.12100
0.12890
0.13680
0.14470
0.15260
0.15895
0.16530
0.17165
0.17800
0.17715
0.17630
0.17545
0.17460
0.16960
0.16460
0.15960
0.15460
0.14605
0.13750
0.12890
0.12030
0.11030
0.10030
0.09035
0.08040
0.06515
0.04990
0.03465
0.01940
0.00290
-0.01360
-0.03010
-0.04660
-0.05945
-0.07230
-0.08510
-0.09790
-0.10990
-0.12190
-0.13385
-0.14580
-0.15020
-0.15460
-0.15900
-0.16340
-0.16360
-0.16380
-0.16395
-0.16410
-0.16250
-0.16090
-0.15925
-0.15760
-0.15105
-0.14450
-0.13790
-0.13130
-0.11840
-0.10550
-0.09255
-0.07960
-0.07100
-0.06240
-0.05380
-0.04520
-0.04545
-0.04570
-0.04600
-0.04630
-0.04780
-0.04930
-0.05080
-0.05230
-0.04705
-0.04180
-0.03655
-0.03130
-0.02355
-0.01580
-0.00805
-0.00030
0.00305
0.00640
0.00975
0.01310
0.01910
0.02510
0.03110
0.03710
0.04375
0.05040
0.05710
0.06380
0.07315
0.08250
0.09185
0.10120
0.11420
0.12720
0.14015
0.15310
0.16240
0.17170
0.18105
0.19040
0.19300
0.19560
0.19820
0.20080
0.20360
0.20640
0.20920
0.21200
0.21485
0.21770
0.22055
0.22340
0.21930
0.21520
0.21110
0.20700
0.19105
0.17510
0.15910
0.14310
0.12600
0.10890
0.09175
0.07460
0.06145
0.04830
0.03510
0.02190
0.01225
0.00260
-0.00710
-0.01680
-0.02495
-0.03310
-0.04130
-0.04950
-0.06205
-0.07460
-0.08715
-0.09970
-0.11205
-0.12440
-0.13675
-0.14910
-0.16025
-0.17140
-0.18255
-0.19370
-0.20255
-0.21140
-0.22030
-0.22920
-0.23455
-0.23990
-0.24530
-0.25070
-0.25430
-0.25790
-0.26150
-0.26510
-0.26815
-0.27120
-0.27425
-0.27730
-0.27865
-0.28000
-0.28130
-0.28260
-0.28285
-0.28310
-0.28330
-0.28350
-0.28215
-0.28080
-0.27945
-0.27810
-0.27545
-0.27280
-0.27015
-0.26750
-0.25945
-0.25140
-0.24330
-0.23520
-0.21745
-0.19970
-0.18200
-0.16430
-0.14205
-0.11980
-0.09755
-0.07530
-0.04275
-0.01020
0.02235
0.05490
0.06555
0.07620
0.08685
0.09750
0.08170
0.06590
0.05010
0.03430
0.02675
0.01920
0.01160
0.00400
0.00080
-0.00240
-0.00560
-0.00880
0.00030
0.00940
0.01850
0.02760
0.04285
0.05810
0.07330
0.08850
0.10295
0.11740
0.13185
0.14630
0.14980
0.15330
0.15675
0.16020
0.14620
0.13220
0.11820
0.10420
0.09030
0.07640
0.06250
0.04860
0.03900
0.02940
0.01980
0.01020
0.01095
0.01170
0.01250
0.01330
0.02575
0.03820
0.05065
0.06310
0.07520
0.08730
0.09940
0.11150
0.11730
0.12310
0.12890
0.13470
0.13545
0.13620
0.13695
0.13770
0.13690
0.13610
0.13530
0.13450
0.12905
0.12360
0.11810
0.11260
0.10520
0.09780
0.09040
0.08300
0.08085
0.07870
0.07660
0.07450
0.07425
0.07400
0.07370
0.07340
0.07300
0.07260
0.07220
0.07180
0.07500
0.07820
0.08135
0.08450
0.08845
0.09240
0.09635
0.10030
0.10070
0.10110
0.10145
0.10180
0.09525
0.08870
0.08215
0.07560
0.06510
0.05460
0.04415
0.03370
0.02385
0.01400
0.00410
-0.00580
-0.01515
-0.02450
-0.03385
-0.04320
-0.04640
-0.04960
-0.05285
-0.05610
-0.05795
-0.05980
-0.06160
-0.06340
-0.06495
-0.06650
-0.06805
-0.06960
-0.07195
-0.07430
-0.07670
-0.07910
-0.08110
-0.08310
-0.08510
-0.08710
-0.08740
-0.08770
-0.08800
-0.08830
-0.08580
-0.08330
-0.08075
-0.07820
-0.06775
-0.05730
-0.04680
-0.03630
-0.02335
-0.01040
0.00255
0.01550
0.02690
0.03830
0.04970
0.06110
0.06750
0.07390
0.08030
0.08670
0.08600
0.08530
0.08455
0.08380
0.07630
0.06880
0.06130
0.05380
0.04260
0.03140
0.02015
0.00890
-0.00045
-0.00980
-0.01915
-0.02850
-0.03180
-0.03510
-0.03840
-0.04170
-0.03780
-0.03390
-0.03000
-0.02610
-0.01770
-0.00930
-0.00085
0.00760
0.01375
0.01990
0.02610
0.03230
0.03485
0.03740
0.04000
0.04260
0.04420
0.04580
0.04740
0.04900
0.04965
0.05030
0.05100
0.05170
0.05185
0.05200
0.05220
0.05240
0.05200
0.05160
0.05120
0.05080
0.05030
0.04980
0.04930
0.04880
0.04920
0.04960
0.05005
0.05050
0.05320
0.05590
0.05860
0.06130
0.06805
0.07480
0.08155
0.08830
0.09320
0.09810
0.10300
0.10790
0.10935
0.11080
0.11230
0.11380
0.10575
0.09770
0.08965
0.08160
0.06960
0.05760
0.04555
0.03350
0.02305
0.01260
0.00215
-0.00830
-0.01745
-0.02660
-0.03570
-0.04480
-0.05035
-0.05590
-0.06145
-0.06700
-0.07140
-0.07580
-0.08015
-0.08450
-0.08640
-0.08830
-0.09020
-0.09210
-0.08995
-0.08780
-0.08565
-0.08350
-0.07210
-0.06070
-0.04925
-0.03780
-0.02545
-0.01310
-0.00080
0.01150
0.02265
0.03380
0.04500
0.05620
0.05845
0.06070
0.06300
0.06530
0.05030
0.03530
0.02025
0.00520
-0.01165
-0.02850
-0.04535
-0.06220
-0.07420
-0.08620
-0.09820
-0.11020
-0.11905
-0.12790
-0.13675
-0.14560
-0.14975
-0.15390
-0.15805
-0.16220
-0.16415
-0.16610
-0.16800
-0.16990
-0.16855
-0.16720
-0.16590
-0.16460
-0.15710
-0.14960
-0.14205
-0.13450
-0.12170
-0.10890
-0.09615
-0.08340
-0.06920
-0.05500
-0.04080
-0.02660
-0.01320
0.00020
0.01360
0.02700
0.03560
0.04420
0.05280
0.06140
0.06155
0.06170
0.06180
0.06190
0.05625
0.05060
0.04490
0.03920
0.03460
0.03000
0.02535
0.02070
0.01875
0.01680
0.01485
0.01290
0.00790
0.00290
-0.00210
-0.00710
-0.01295
-0.01880
-0.02465
-0.03050
-0.03340
-0.03630
-0.03925
-0.04220
-0.04365
-0.04510
-0.04660
-0.04810
-0.04535
-0.04260
-0.03980
-0.03700
-0.03085
-0.02470
-0.01850
-0.01230
-0.00240
0.00750
0.01740
0.02730
0.03805
0.04880
0.05950
0.07020
0.07355
0.07690
0.08025
0.08360
0.07875
0.07390
0.06900
0.06410
0.05220
0.04030
0.02845
0.01660
0.00635
-0.00390
-0.01415
-0.02440
-0.02885
-0.03330
-0.03775
-0.04220
-0.04325
-0.04430
-0.04535
-0.04640
-0.04465
-0.04290
-0.04110
-0.03930
-0.03575
-0.03220
-0.02860
-0.02500
-0.02150
-0.01800
-0.01445
-0.01090
-0.00935
-0.00780
-0.00630
-0.00480
-0.00490
-0.00500
-0.00510
-0.00520
-0.00630
-0.00740
-0.00845
-0.00950
-0.01020
-0.01090
-0.01160
-0.01230
-0.01220
-0.01210
-0.01200
-0.01190
-0.00920
-0.00650
-0.00385
-0.00120
0.00425
0.00970
0.01520
0.02070
0.02745
0.03420
0.04095
0.04770
0.05700
0.06630
0.07555
0.08480
0.09400
0.10320
0.11240
0.12160
0.12645
0.13130
0.13610
0.14090
0.14235
0.14380
0.14530
0.14680
0.14645
0.14610
0.14575
0.14540
0.14430
0.14320
0.14210
0.14100
0.13795
0.13490
0.13185
0.12880
0.12190
0.11500
0.10810
0.10120
0.09465
0.08810
0.08155
0.07500
0.07205
0.06910
0.06610
0.06310
0.05995
0.05680
0.05370
0.05060
0.04445
0.03830
0.03215
0.02600
0.02100
0.01600
0.01105
0.00610
0.00130
-0.00350
-0.00830
-0.01310
-0.01895
-0.02480
-0.03070
-0.03660
-0.04050
-0.04440
-0.04835
-0.05230
-0.05685
-0.06140
-0.06595
-0.07050
-0.07595
-0.08140
-0.08685
-0.09230
-0.09710
-0.10190
-0.10670
-0.11150
-0.11550
-0.11950
-0.12350
-0.12750
-0.13075
-0.13400
-0.13725
-0.14050
-0.14285
-0.14520
-0.14755
-0.14990
-0.15010
-0.15030
-0.15050
-0.15070
-0.14815
-0.14560
-0.14305
-0.14050
-0.13525
-0.13000
-0.12470
-0.11940
-0.11380
-0.10820
-0.10255
-0.09690
-0.09180
-0.08670
-0.08160
-0.07650
-0.07350
-0.07050
-0.06755
-0.06460
-0.06090
-0.05720
-0.05350
-0.04980
-0.04360
-0.03740
-0.03115
-0.02490
-0.01880
-0.01270
-0.00660
-0.00050
0.00355
0.00760
0.01165
0.01570
0.01865
0.02160
0.02450
0.02740
0.03170
0.03600
0.04035
0.04470
0.05235
0.06000
0.06760
0.07520
0.08405
0.09290
0.10170
0.11050
0.11930
0.12810
0.13695
0.14580
0.15105
0.15630
0.16155
0.16680
0.16645
0.16610
0.16575
0.16540
0.15545
0.14550
0.13555
0.12560
0.10765
0.08970
0.07175
0.05380
0.03870
0.02360
0.00855
-0.00650
-0.01760
-0.02870
-0.03985
-0.05100
-0.05630
-0.06160
-0.06695
-0.07230
-0.07495
-0.07760
-0.08030
-0.08300
-0.07970
-0.07640
-0.07310
-0.06980
-0.05860
-0.04740
-0.03615
-0.02490
-0.01215
0.00060
0.01335
0.02610
0.03460
0.04310
0.05155
0.06000
0.05995
0.05990
0.05985
0.05980
0.05180
0.04380
0.03585
0.02790
0.01615
0.00440
-0.00730
-0.01900
-0.02865
-0.03830
-0.04790
-0.05750
-0.06360
-0.06970
-0.07580
-0.08190
-0.08405
-0.08620
-0.08835
-0.09050
-0.09185
-0.09320
-0.09450
-0.09580
-0.09040
-0.08500
-0.07960
-0.07420
-0.06475
-0.05530
-0.04580
-0.03630
-0.02650
-0.01670
-0.00695
0.00280
0.01075
0.01870
0.02665
0.03460
0.03730
0.04000
0.04265
0.04530
0.04235
0.03940
0.03640
0.03340
0.02805
0.02270
0.01735
0.01200
0.00955
0.00710
0.00470
0.00230
0.00035
-0.00160
-0.00355
-0.00550
-0.00640
-0.00730
-0.00820
-0.00910
-0.01035
-0.01160
-0.01285
-0.01410
-0.01535
-0.01660
-0.01785
-0.01910
-0.02050
-0.02190
-0.02325
-0.02460
-0.02525
-0.02590
-0.02660
-0.02730
-0.02590
-0.02450
-0.02310
-0.02170
-0.01985
-0.01800
-0.01620
-0.01440
-0.01340
-0.01240
-0.01135
-0.01030
-0.00970
-0.00910
-0.00845
-0.00780
-0.00740
-0.00700
-0.00655
-0.00610
-0.00685
-0.00760
-0.00835
-0.00910
-0.01125
-0.01340
-0.01560
-0.01780
-0.02035
-0.02290
-0.02550
-0.02810
-0.02925
-0.03040
-0.03155
-0.03270
-0.03180
-0.03090
-0.02995
-0.02900
-0.02440
-0.01980
-0.01520
-0.01060
-0.00330
0.00400
0.01135
0.01870
0.02750
0.03630
0.04515
0.05400
0.06200
0.07000
0.07800
0.08600
0.08925
0.09250
0.09570
0.09890
0.09530
0.09170
0.08810
0.08450
0.07365
0.06280
0.05195
0.04110
0.03000
0.01890
0.00785
-0.00320
-0.01230
-0.02140
-0.03050
-0.03960
-0.04415
-0.04870
-0.05320
-0.05770
-0.05890
-0.06010
-0.06130
-0.06250
-0.06315
-0.06380
-0.06445
-0.06510
-0.06440
-0.06370
-0.06295
-0.06220
-0.06155
-0.06090
-0.06025
-0.05960
-0.06010
-0.06060
-0.06110
-0.06160
-0.06320
-0.06480
-0.06640
-0.06800
-0.06920
-0.07040
-0.07165
-0.07290
-0.07240
-0.07190
-0.07145
-0.07100
-0.06810
-0.06520
-0.06230
-0.05940
-0.05460
-0.04980
-0.04500
-0.04020
-0.03450
-0.02880
-0.02305
-0.01730
-0.01195
-0.00660
-0.00125
0.00410
0.00740
0.01070
0.01395
0.01720
0.02020
0.02320
0.02615
0.02910
0.03300
0.03690
0.04075
0.04460
0.04840
0.05220
0.05595
0.05970
0.06280
0.06590
0.06900
0.07210
0.07550
0.07890
0.08225
0.08560
0.08795
0.09030
0.09260
0.09490
0.09605
0.09720
0.09830
0.09940
0.09670
0.09400
0.09135
0.08870
0.08115
0.07360
0.06605
0.05850
0.05455
0.05060
0.04665
0.04270
0.04170
0.04070
0.03965
0.03860
0.03895
0.03930
0.03965
0.04000
0.04270
0.04540
0.04805
0.05070
0.05335
0.05600
0.05865
0.06130
0.06105
0.06080
0.06055
0.06030
0.05460
0.04890
0.04315
0.03740
0.02970
0.02200
0.01425
0.00650
-0.00050
-0.00750
-0.01455
-0.02160
-0.02680
-0.03200
-0.03720
-0.04240
-0.04485
-0.04730
-0.04975
-0.05220
-0.05255
-0.05290
-0.05320
-0.05350
-0.05110
-0.04870
-0.04625
-0.04380
-0.04135
-0.03890
-0.03640
-0.03390
-0.03380
-0.03370
-0.03365
-0.03360
-0.03610
-0.03860
-0.04110
-0.04360
-0.04840
-0.05320
-0.05800
-0.06280
-0.06655
-0.07030
-0.07410
-0.07790
-0.07935
-0.08080
-0.08220
-0.08360
-0.08365
-0.08370
-0.08375
-0.08380
-0.07825
-0.07270
-0.06710
-0.06150
-0.05060
-0.03970
-0.02885
-0.01800
-0.00535
0.00730
0.01995
0.03260
0.04565
0.05870
0.07170
0.08470
0.09715
0.10960
0.12205
0.13450
0.14160
0.14870
0.15580
0.16290
0.16360
0.16430
0.16505
0.16580
0.16155
0.15730
0.15310
0.14890
0.14130
0.13370
0.12610
0.11850
0.11160
0.10470
0.09780
0.09090
0.08430
0.07770
0.07105
0.06440
0.05860
0.05280
0.04695
0.04110
0.03575
0.03040
0.02505
0.01970
0.01370
0.00770
0.00170
-0.00430
-0.00855
-0.01280
-0.01710
-0.02140
-0.02305
-0.02470
-0.02635
-0.02800
-0.02740
-0.02680
-0.02620
-0.02560
-0.02290
-0.02020
-0.01750
-0.01480
-0.01160
-0.00840
-0.00525
-0.00210
-0.00085
0.00040
0.00165
0.00290
0.00300
0.00310
0.00320
0.00330
0.00090
-0.00150
-0.00390
-0.00630
-0.01125
-0.01620
-0.02110
-0.02600
-0.02855
-0.03110
-0.03370
-0.03630
-0.03775
-0.03920
-0.04065
-0.04210
-0.04255
-0.04300
-0.04345
-0.04390
-0.04430
-0.04470
-0.04510
-0.04550
-0.04605
-0.04660
-0.04715
-0.04770
-0.04770
-0.04770
-0.04775
-0.04780
-0.04665
-0.04550
-0.04440
-0.04330
-0.04100
-0.03870
-0.03640
-0.03410
-0.03215
-0.03020
-0.02825
-0.02630
-0.02565
-0.02500
-0.02440
-0.02380
-0.02500
-0.02620
-0.02740
-0.02860
-0.03055
-0.03250
-0.03440
-0.03630
-0.03790
-0.03950
-0.04105
-0.04260
-0.04320
-0.04380
-0.04435
-0.04490
-0.04365
-0.04240
-0.04115
-0.03990
-0.03690
-0.03390
-0.03090
-0.02790
-0.02445
-0.02100
-0.01760
-0.01420
-0.01210
-0.01000
-0.00795
-0.00590
-0.00510
-0.00430
-0.00355
-0.00280
-0.00405
-0.00530
-0.00655
-0.00780
-0.00995
-0.01210
-0.01420
-0.01630
-0.01850
-0.02070
-0.02295
-0.02520
-0.02730
-0.02940
-0.03150
-0.03360
-0.03605
-0.03850
-0.04100
-0.04350
-0.04545
-0.04740
-0.04935
-0.05130
-0.05110
-0.05090
-0.05065
-0.05040
-0.04735
-0.04430
-0.04120
-0.03810
-0.03230
-0.02650
-0.02065
-0.01480
-0.00800
-0.00120
0.00560
0.01240
0.01775
0.02310
0.02850
0.03390
0.03570
0.03750
0.03930
0.04110
0.04050
0.03990
0.03930
0.03870
0.03585
0.03300
0.03010
0.02720
0.02330
0.01940
0.01550
0.01160
0.00675
0.00190
-0.00300
-0.00790
-0.01245
-0.01700
-0.02155
-0.02610
-0.02865
-0.03120
-0.03380
-0.03640
-0.03760
-0.03880
-0.04000
-0.04120
-0.04190
-0.04260
-0.04330
-0.04400
-0.04495
-0.04590
-0.04685
-0.04780
-0.04835
-0.04890
-0.04945
-0.05000
-0.05000
-0.05000
-0.05000
-0.05000
-0.04675
-0.04350
-0.04025
-0.03700
-0.03170
-0.02640
-0.02105
-0.01570
-0.01235
-0.00900
-0.00560
-0.00220
0.00015
0.00250
0.00490
0.00730
0.00955
0.01180
0.01400
0.01620
0.01815
0.02010
0.02200
0.02390
0.02540
0.02690
0.02840
0.02990
0.03050
0.03110
0.03165
0.03220
0.03125
0.03030
0.02935
0.02840
0.02585
0.02330
0.02075
0.01820
0.01500
0.01180
0.00855
0.00530
0.00300
0.00070
-0.00160
-0.00390
-0.00420
-0.00450
-0.00475
-0.00500
-0.00400
-0.00300
-0.00195
-0.00090
0.00035
0.00160
0.00290
0.00420
0.00530
0.00640
0.00750
0.00860
0.00925
0.00990
0.01060
0.01130
0.01110
0.01090
0.01075
0.01060
0.00995
0.00930
0.00870
0.00810
0.00785
0.00760
0.00740
0.00720
0.00845
0.00970
0.01095
0.01220
0.01445
0.01670
0.01895
0.02120
0.02345
0.02570
0.02800
0.03030
0.03125
0.03220
0.03315
0.03410
0.03300
0.03190
0.03080
0.02970
0.02715
0.02460
0.02205
0.01950
0.01635
0.01320
0.01005
0.00690
0.00530
0.00370
0.00205
0.00040
-0.00075
-0.00190
-0.00310
-0.00430
-0.00530
-0.00630
-0.00735
-0.00840
-0.00805
-0.00770
-0.00735
-0.00700
-0.00565
-0.00430
-0.00295
-0.00160
0.00010
0.00180
0.00355
0.00530
0.00670
0.00810
0.00950
0.01090
0.01200
0.01310
0.01420
0.01530
0.01730
0.01930
0.02125
0.02320
0.02600
0.02880
0.03160
0.03440
0.03585
0.03730
0.03875
0.04020
0.03950
0.03880
0.03810
0.03740
0.03535
0.03330
0.03130
0.02930
0.02620
0.02310
0.02000
0.01690
0.01335
0.00980
0.00620
0.00260
-0.00000
-0.00260
-0.00525
-0.00790
-0.00895
-0.01000
-0.01100
-0.01200
-0.01145
-0.01090
-0.01040
-0.00990
-0.00840
-0.00690
-0.00545
-0.00400
-0.00005
0.00390
0.00785
0.01180
0.01635
0.02090
0.02545
0.03000
0.03295
0.03590
0.03880
0.04170
0.04295
0.04420
0.04540
0.04660
0.04575
0.04490
0.04410
0.04330
0.04175
0.04020
0.03870
0.03720
0.03570
0.03420
0.03275
0.03130
0.02990
0.02850
0.02705
0.02560
0.02440
0.02320
0.02205
0.02090
0.01995
0.01900
0.01810
0.01720
0.01600
0.01480
0.01360
0.01240
0.01105
0.00970
0.00835
0.00700
0.00645
0.00590
0.00540
0.00490
0.00505
0.00520
0.00530
0.00540
0.00580
0.00620
0.00655
0.00690
0.00690
0.00690
0.00685
0.00680
0.00735
0.00790
0.00845
0.00900
0.01010
0.01120
0.01230
0.01340
0.01415
0.01490
0.01565
0.01640
0.01695
0.01750
0.01810
0.01870
0.01805
0.01740
0.01675
0.01610
0.01455
0.01300
0.01150
0.01000
0.00795
0.00590
0.00380
0.00170
-0.00105
-0.00380
-0.00660
-0.00940
-0.01195
-0.01450
-0.01710
-0.01970
-0.02185
-0.02400
-0.02615
-0.02830
-0.03000
-0.03170
-0.03340
-0.03510
-0.03565
-0.03620
-0.03670
-0.03720
-0.03650
-0.03580
-0.03505
-0.03430
-0.03260
-0.03090
-0.02915
-0.02740
-0.02490
-0.02240
-0.01990
-0.01740
-0.01485
-0.01230
-0.00975
-0.00720
-0.00535
-0.00350
-0.00165
0.00020
0.00070
0.00120
0.00170
0.00220
0.00185
0.00150
0.00120
0.00090
0.00050
0.00010
-0.00030
-0.00070
-0.00050
-0.00030
-0.00010
0.00010
0.00025
0.00040
0.00055
0.00070
-0.00025
-0.00120
-0.00210
-0.00300
-0.00465
-0.00630
-0.00795
-0.00960
-0.01185
-0.01410
-0.01640
-0.01870
-0.02105
-0.02340
-0.02570
-0.02800
-0.03010
-0.03220
-0.03430
-0.03640
-0.03820
-0.04000
-0.04175
-0.04350
-0.04510
-0.04670
-0.04825
-0.04980
-0.05085
-0.05190
-0.05300
-0.05410
-0.05375
-0.05340
-0.05305
-0.05270
-0.05120
-0.04970
-0.04820
-0.04670
-0.04480
-0.04290
-0.04100
-0.03910
-0.03720
-0.03530
-0.03345
-0.03160
-0.02925
-0.02690
-0.02460
-0.02230
-0.01970
-0.01710
-0.01450
-0.01190
-0.00965
-0.00740
-0.00515
-0.00290
-0.00130
0.00030
0.00195
0.00360
0.00460
0.00560
0.00665
0.00770
0.00830
0.00890
0.00950
0.01010
0.01035
0.01060
0.01090
0.01120
0.01155
0.01190
0.01225
0.01260
0.01370
0.01480
0.01590
0.01700
0.01980
0.02260
0.02545
0.02830
0.03180
0.03530
0.03885
0.04240
0.04510
0.04780
0.05055
0.05330
0.05465
0.05600
0.05730
0.05860
0.05775
0.05690
0.05605
0.05520
0.05265
0.05010
0.04755
0.04500
0.04225
0.03950
0.03680
0.03410
0.03230
0.03050
0.02870
0.02690
0.02605
0.02520
0.02440
0.02360
0.02290
0.02220
0.02155
0.02090
0.02015
0.01940
0.01860
0.01780
0.01650
0.01520
0.01385
0.01250
0.01025
0.00800
0.00575
0.00350
0.00115
-0.00120
-0.00355
-0.00590
-0.00850
-0.01110
-0.01370
-0.01630
-0.01910
-0.02190
-0.02475
-0.02760
-0.02945
-0.03130
-0.03320
-0.03510
-0.03515
-0.03520
-0.03525
-0.03530
-0.03300
-0.03070
-0.02845
-0.02620
-0.02295
-0.01970
-0.01650
-0.01330
-0.01020
-0.00710
-0.00400
-0.00090
0.00120
0.00330
0.00540
0.00750
0.00705
0.00660
0.00620
0.00580
0.00365
0.00150
-0.00065
-0.00280
-0.00490
-0.00700
-0.00915
-0.01130
-0.01260
-0.01390
-0.01520
-0.01650
-0.01605
-0.01560
-0.01515
-0.01470
-0.01240
-0.01010
-0.00775
-0.00540
-0.00200
0.00140
0.00480
0.00820
0.01065
0.01310
0.01555
0.01800
0.01895
0.01990
0.02085
0.02180
0.02165
0.02150
0.02130
0.02110
0.02025
0.01940
0.01850
0.01760
0.01700
0.01640
0.01575
0.01510
0.01490
0.01470
0.01450
0.01430
0.01485
0.01540
0.01595
0.01650
0.01760
0.01870
0.01975
0.02080
0.02160
0.02240
0.02325
0.02410
0.02410
0.02410
0.02415
0.02420
0.02320
0.02220
0.02120
0.02020
0.01775
0.01530
0.01290
0.01050
0.00715
0.00380
0.00050
-0.00280
-0.00570
-0.00860
-0.01155
-0.01450
-0.01570
-0.01690
-0.01805
-0.01920
-0.01925
-0.01930
-0.01935
-0.01940
-0.01920
-0.01900
-0.01885
-0.01870
-0.01785
-0.01700
-0.01620
-0.01540
-0.01430
-0.01320
-0.01210
-0.01100
-0.00965
-0.00830
-0.00695
-0.00560
-0.00420
-0.00280
-0.00140
0.00000
0.00105
0.00210
0.00310
0.00410
0.00440
0.00470
0.00500
0.00530
0.00460
0.00390
0.00320
0.00250
0.00140
0.00030
-0.00085
-0.00200
-0.00325
-0.00450
-0.00575
-0.00700
-0.00715
-0.00730
-0.00740
-0.00750
-0.00615
-0.00480
-0.00345
-0.00210
-0.00010
0.00190
0.00395
0.00600
0.00810
0.01020
0.01235
0.01450
0.01660
0.01870
0.02085
0.02300
0.02425
0.02550
0.02680
0.02810
0.02755
0.02700
0.02650
0.02600
0.02375
0.02150
0.01930
0.01710
0.01380
0.01050
0.00725
0.00400
-0.00000
-0.00400
-0.00800
-0.01200
-0.01600
-0.02000
-0.02400
-0.02800
-0.03065
-0.03330
-0.03595
-0.03860
-0.03945
-0.04030
-0.04115
-0.04200
-0.04060
-0.03920
-0.03775
-0.03630
-0.03380
-0.03130
-0.02880
-0.02630
-0.02380
-0.02130
-0.01880
-0.01630
-0.01520
-0.01410
-0.01305
-0.01200
-0.01315
-0.01430
-0.01545
-0.01660
-0.01840
-0.02020
-0.02200
-0.02380
-0.02475
-0.02570
-0.02665
-0.02760
-0.02760
-0.02760
-0.02760
-0.02760
-0.02710
-0.02660
-0.02610
-0.02560
-0.02545
-0.02530
-0.02520
-0.02510
-0.02520
-0.02530
-0.02545
-0.02560
-0.02490
-0.02420
-0.02350
-0.02280
-0.02030
-0.01780
-0.01530
-0.01280
-0.00875
-0.00470
-0.00060
0.00350
0.00795
0.01240
0.01685
0.02130
0.02450
0.02770
0.03090
0.03410
0.03605
0.03800
0.03990
0.04180
0.04150
0.04120
0.04090
0.04060
0.03830
0.03600
0.03375
0.03150
0.02870
0.02590
0.02315
0.02040
0.01825
0.01610
0.01390
0.01170
0.01060
0.00950
0.00840
0.00730
0.00830
0.00930
0.01035
0.01140
0.01325
0.01510
0.01695
0.01880
0.01980
0.02080
0.02185
0.02290
0.02310
0.02330
0.02350
0.02370
0.02265
0.02160
0.02050
0.01940
0.01790
0.01640
0.01490
0.01340
0.01150
0.00960
0.00770
0.00580
0.00395
0.00210
0.00025
-0.00160
-0.00330
-0.00500
-0.00670
-0.00840
-0.00930
-0.01020
-0.01105
-0.01190
-0.01205
-0.01220
-0.01235
-0.01250
-0.01170
-0.01090
-0.01010
-0.00930
-0.00780
-0.00630
-0.00485
-0.00340
-0.00180
-0.00020
0.00135
0.00290
0.00320
0.00350
0.00375
0.00400
0.00210
0.00020
-0.00175
-0.00370
-0.00745
-0.01120
-0.01490
-0.01860
-0.02345
-0.02830
-0.03310
-0.03790
-0.04145
-0.04500
-0.04860
-0.05220
-0.05475
-0.05730
-0.05980
-0.06230
-0.06365
-0.06500
-0.06635
-0.06770
-0.06770
-0.06770
-0.06770
-0.06770
-0.06540
-0.06310
-0.06075
-0.05840
-0.05370
-0.04900
-0.04425
-0.03950
-0.03575
-0.03200
-0.02830
-0.02460
-0.02265
-0.02070
-0.01875
-0.01680
-0.01590
-0.01500
-0.01410
-0.01320
-0.01290
-0.01260
-0.01230
-0.01200
-0.01225
-0.01250
-0.01270
-0.01290
-0.01260
-0.01230
-0.01200
-0.01170
-0.00985
-0.00800
-0.00610
-0.00420
-0.00175
0.00070
0.00315
0.00560
0.00785
0.01010
0.01235
0.01460
0.01610
0.01760
0.01910
0.02060
0.02075
0.02090
0.02105
0.02120
0.02050
0.01980
0.01910
0.01840
0.01695
0.01550
0.01405
0.01260
0.01145
0.01030
0.00910
0.00790
0.00805
0.00820
0.00835
0.00850
0.01050
0.01250
0.01450
0.01650
0.01965
0.02280
0.02600
0.02920
0.03175
0.03430
0.03685
0.03940
0.04175
0.04410
0.04645
0.04880
0.05065
0.05250
0.05430
0.05610
0.05800
0.05990
0.06175
0.06360
0.06510
0.06660
0.06810
0.06960
0.07005
0.07050
0.07100
0.07150
0.07060
0.06970
0.06880
0.06790
0.06580
0.06370
0.06155
0.05940
0.05590
0.05240
0.04890
0.04540
0.04125
0.03710
0.03295
0.02880
0.02500
0.02120
0.01745
0.01370
0.01010
0.00650
0.00295
-0.00060
-0.00320
-0.00580
-0.00840
-0.01100
-0.01285
-0.01470
-0.01660
-0.01850
-0.01990
-0.02130
-0.02270
-0.02410
-0.02500
-0.02590
-0.02680
-0.02770
-0.02795
-0.02820
-0.02845
-0.02870
-0.02860
-0.02850
-0.02835
-0.02820
-0.02750
-0.02680
-0.02615
-0.02550
-0.02445
-0.02340
-0.02235
-0.02130
-0.01980
-0.01830
-0.01680
-0.01530
-0.01290
-0.01050
-0.00815
-0.00580
-0.00250
0.00080
0.00410
0.00740
0.01030
0.01320
0.01615
0.01910
0.02095
0.02280
0.02470
0.02660
0.02695
0.02730
0.02765
0.02800
0.02680
0.02560
0.02440
0.02320
0.02125
0.01930
0.01740
0.01550
0.01355
0.01160
0.00965
0.00770
0.00605
0.00440
0.00275
0.00110
-0.00035
-0.00180
-0.00325
-0.00470
-0.00615
-0.00760
-0.00905
-0.01050
-0.01195
-0.01340
-0.01485
-0.01630
-0.01695
-0.01760
-0.01820
-0.01880
-0.01815
-0.01750
-0.01685
-0.01620
-0.01410
-0.01200
-0.00990
-0.00780
-0.00560
-0.00340
-0.00120
0.00100
0.00300
0.00500
0.00695
0.00890
0.01030
0.01170
0.01305
0.01440
0.01470
0.01500
0.01530
0.01560
0.01515
0.01470
0.01425
0.01380
0.01280
0.01180
0.01080
0.00980
0.00850
0.00720
0.00585
0.00450
0.00390
0.00330
0.00275
0.00220
0.00190
0.00160
0.00135
0.00110
0.00050
-0.00010
-0.00070
-0.00130
-0.00220
-0.00310
-0.00395
-0.00480
-0.00560
-0.00640
-0.00720
-0.00800
-0.00865
-0.00930
-0.00995
-0.01060
-0.01040
-0.01020
-0.01005
-0.00990
-0.00955
-0.00920
-0.00890
-0.00860
-0.00855
-0.00850
-0.00845
-0.00840
-0.00875
-0.00910
-0.00945
-0.00980
-0.01115
-0.01250
-0.01385
-0.01520
-0.01665
-0.01810
-0.01955
-0.02100
-0.02245
-0.02390
-0.02535
-0.02680
-0.02810
-0.02940
-0.03070
-0.03200
-0.03320
-0.03440
-0.03560
-0.03680
-0.03780
-0.03880
-0.03975
-0.04070
-0.04160
-0.04250
-0.04335
-0.04420
-0.04490
-0.04560
-0.04630
-0.04700
-0.04770
-0.04840
-0.04915
-0.04990
-0.04945
-0.04900
-0.04855
-0.04810
-0.04625
-0.04440
-0.04255
-0.04070
-0.03815
-0.03560
-0.03310
-0.03060
-0.02810
-0.02560
-0.02315
-0.02070
-0.01865
-0.01660
-0.01455
-0.01250
-0.01065
-0.00880
-0.00700
-0.00520
-0.00420
-0.00320
-0.00225
-0.00130
-0.00110
-0.00090
-0.00070
-0.00050
-0.00120
-0.00190
-0.00255
-0.00320
-0.00385
-0.00450
-0.00515
-0.00580
-0.00580
-0.00580
-0.00585
-0.00590
-0.00570
-0.00550
-0.00535
-0.00520
-0.00420
-0.00320
-0.00225
-0.00130
0.00030
0.00190
0.00345
0.00500
0.00700
0.00900
0.01095
0.01290
0.01470
0.01650
0.01835
0.02020
0.02120
0.02220
0.02320
0.02420
0.02370
0.02320
0.02270
0.02220
0.02020
0.01820
0.01615
0.01410
0.01180
0.00950
0.00715
0.00480
0.00325
0.00170
0.00020
-0.00130
-0.00205
-0.00280
-0.00355
-0.00430
-0.00470
-0.00510
-0.00545
-0.00580
-0.00605
-0.00630
-0.00655
-0.00680
-0.00730
-0.00780
-0.00825
-0.00870
-0.00960
-0.01050
-0.01140
-0.01230
-0.01345
-0.01460
-0.01575
-0.01690
-0.01745
-0.01800
-0.01855
-0.01910
-0.01885
-0.01860
-0.01840
-0.01820
-0.01680
-0.01540
-0.01405
-0.01270
-0.01000
-0.00730
-0.00465
-0.00200
0.00180
0.00560
0.00940
0.01320
0.01665
0.02010
0.02355
0.02700
0.02920
0.03140
0.03360
0.03580
0.03655
0.03730
0.03805
0.03880
0.03775
0.03670
0.03570
0.03470
0.03230
0.02990
0.02750
0.02510
0.02325
0.02140
0.01950
0.01760
0.01780
0.01800
0.01820
0.01840
0.02065
0.02290
0.02510
0.02730
0.03005
0.03280
0.03555
0.03830
0.03965
0.04100
0.04235
0.04370
0.04365
0.04360
0.04350
0.04340
0.04220
0.04100
0.03985
0.03870
0.03775
0.03680
0.03585
0.03490
0.03400
0.03310
0.03220
0.03130
0.03010
0.02890
0.02770
0.02650
0.02520
0.02390
0.02260
0.02130
0.01970
0.01810
0.01645
0.01480
0.01315
0.01150
0.00985
0.00820
0.00645
0.00470
0.00300
0.00130
0.00030
-0.00070
-0.00175
-0.00280
-0.00305
-0.00330
-0.00355
-0.00380
-0.00390
-0.00400
-0.00415
-0.00430
-0.00475
-0.00520
-0.00565
-0.00610
-0.00715
-0.00820
-0.00925
-0.01030
-0.01130
-0.01230
-0.01330
-0.01430
-0.01505
-0.01580
-0.01660
-0.01740
-0.01740
-0.01740
-0.01735
-0.01730
-0.01605
-0.01480
-0.01355
-0.01230
-0.01060
-0.00890
-0.00725
-0.00560
-0.00410
-0.00260
-0.00110
0.00040
0.00105
0.00170
0.00235
0.00300
0.00280
0.00260
0.00245
0.00230
0.00140
0.00050
-0.00035
-0.00120
-0.00205
-0.00290
-0.00380
-0.00470
-0.00555
-0.00640
-0.00725
-0.00810
-0.00870
-0.00930
-0.00985
-0.01040
-0.01135
-0.01230
-0.01325
-0.01420
-0.01580
-0.01740
-0.01900
-0.02060
-0.02205
-0.02350
-0.02495
-0.02640
-0.02745
-0.02850
-0.02950
-0.03050
-0.03100
-0.03150
-0.03200
-0.03250
-0.03230
-0.03210
-0.03195
-0.03180
-0.03125
-0.03070
-0.03015
-0.02960
-0.02900
-0.02840
-0.02780
-0.02720
-0.02635
-0.02550
-0.02465
-0.02380
-0.02275
-0.02170
-0.02065
-0.01960
-0.01785
-0.01610
-0.01435
-0.01260
-0.01035
-0.00810
-0.00580
-0.00350
-0.00090
0.00170
0.00425
0.00680
0.00985
0.01290
0.01600
0.01910
0.02200
0.02490
0.02785
0.03080
0.03265
0.03450
0.03635
0.03820
0.03935
0.04050
0.04160
0.04270
0.04240
0.04210
0.04185
0.04160
0.04050
0.03940
0.03835
0.03730
0.03570
0.03410
0.03255
0.03100
0.02905
0.02710
0.02515
0.02320
0.02090
0.01860
0.01630
0.01400
0.01185
0.00970
0.00750
0.00530
0.00390
0.00250
0.00105
-0.00040
-0.00045
-0.00050
-0.00055
-0.00060
0.00080
0.00220
0.00355
0.00490
0.00610
0.00730
0.00850
0.00970
0.01055
0.01140
0.01230
0.01320
0.01275
0.01230
0.01190
0.01150
0.01050
0.00950
0.00845
0.00740
0.00615
0.00490
0.00365
0.00240
0.00065
-0.00110
-0.00285
-0.00460
-0.00605
-0.00750
-0.00895
-0.01040
-0.01190
-0.01340
-0.01490
-0.01640
-0.01780
-0.01920
-0.02065
-0.02210
-0.02385
-0.02560
-0.02740
-0.02920
-0.03065
-0.03210
-0.03355
-0.03500
-0.03585
-0.03670
-0.03750
-0.03830
-0.03835
-0.03840
-0.03840
-0.03840
-0.03715
-0.03590
-0.03460
-0.03330
-0.03155
-0.02980
-0.02805
-0.02630
-0.02385
-0.02140
-0.01900
-0.01660
-0.01460
-0.01260
-0.01065
-0.00870
-0.00790
-0.00710
-0.00625
-0.00540
-0.00580
-0.00620
-0.00660
-0.00700
-0.00760
-0.00820
-0.00880
-0.00940
-0.00975
-0.01010
-0.01040
-0.01070
-0.01015
-0.00960
-0.00905
-0.00850
-0.00680
-0.00510
-0.00345
-0.00180
-0.00035
0.00110
0.00260
0.00410
0.00510
0.00610
0.00710
0.00810
0.00765
0.00720
0.00680
0.00640
0.00535
0.00430
0.00320
0.00210
0.00105
-0.00000
-0.00110
-0.00220
-0.00195
-0.00170
-0.00150
-0.00130
0.00110
0.00350
0.00590
0.00830
0.01120
0.01410
0.01695
0.01980
0.02170
0.02360
0.02555
0.02750
0.02885
0.03020
0.03150
0.03280
0.03335
0.03390
0.03440
0.03490
0.03455
0.03420
0.03385
0.03350
0.03250
0.03150
0.03050
0.02950
0.02890
0.02830
0.02770
0.02710
0.02710
0.02710
0.02710
0.02710
0.02710
0.02710
0.02715
0.02720
0.02620
0.02520
0.02425
0.02330
0.02125
0.01920
0.01715
0.01510
0.01260
0.01010
0.00760
0.00510
0.00300
0.00090
-0.00120
-0.00330
-0.00445
-0.00560
-0.00670
-0.00780
-0.00820
-0.00860
-0.00900
-0.00940
-0.00905
-0.00870
-0.00840
-0.00810
-0.00805
-0.00800
-0.00795
-0.00790
-0.00845
-0.00900
-0.00960
-0.01020
-0.01105
-0.01190
-0.01275
-0.01360
-0.01440
-0.01520
-0.01605
-0.01690
-0.01745
-0.01800
-0.01855
-0.01910
-0.01865
-0.01820
-0.01770
-0.01720
-0.01615
-0.01510
-0.01405
-0.01300
-0.01170
-0.01040
-0.00910
-0.00780
-0.00685
-0.00590
-0.00495
-0.00400
-0.00390
-0.00380
-0.00370
-0.00360
-0.00400
-0.00440
-0.00475
-0.00510
-0.00515
-0.00520
-0.00525
-0.00530
-0.00525
-0.00520
-0.00520
-0.00520
-0.00545
-0.00570
-0.00595
-0.00620
-0.00625
-0.00630
-0.00640
-0.00650
-0.00695
-0.00740
-0.00790
-0.00840
-0.00905
-0.00970
-0.01035
-0.01100
-0.01110
-0.01120
-0.01125
-0.01130
-0.01115
-0.01100
-0.01090
-0.01080
-0.01025
-0.00970
-0.00920
-0.00870
-0.00765
-0.00660
-0.00560
-0.00460
-0.00350
-0.00240
-0.00125
-0.00010
0.00085
0.00180
0.00275
0.00370
0.00420
0.00470
0.00525
0.00580
0.00580
0.00580
0.00580
0.00580
0.00520
0.00460
0.00405
0.00350
0.00250
0.00150
0.00055
-0.00040
-0.00125
-0.00210
-0.00300
-0.00390
-0.00400
-0.00410
-0.00420
-0.00430
-0.00400
-0.00370
-0.00335
-0.00300
-0.00195
-0.00090
0.00020
0.00130
0.00285
0.00440
0.00590
0.00740
0.00830
0.00920
0.01005
0.01090
0.01185
0.01280
0.01370
0.01460
0.01505
0.01550
0.01590
0.01630
0.01630
0.01630
0.01630
0.01630
0.01600
0.01570
0.01535
0.01500
0.01470
0.01440
0.01410
0.01380
0.01340
0.01300
0.01255
0.01210
0.01140
0.01070
0.00995
0.00920
0.00880
0.00840
0.00805
0.00770
0.00710
0.00650
0.00590
0.00530
0.00480
0.00430
0.00380
0.00330
0.00320
0.00310
0.00300
0.00290
0.00285
0.00280
0.00275
0.00270
0.00275
0.00280
0.00290
0.00300
0.00270
0.00240
0.00210
0.00180
0.00090
-0.00000
-0.00090
-0.00180
-0.00310
-0.00440
-0.00575
-0.00710
-0.00820
-0.00930
-0.01035
-0.01140
-0.01185
-0.01230
-0.01275
-0.01320
-0.01320
-0.01320
-0.01325
-0.01330
-0.01300
-0.01270
-0.01245
-0.01220
-0.01180
-0.01140
-0.01105
-0.01070
-0.01020
-0.00970
-0.00915
-0.00860
-0.00820
-0.00780
-0.00740
-0.00700
-0.00715
-0.00730
-0.00745
-0.00760
-0.00750
-0.00740
-0.00725
-0.00710
-0.00665
-0.00620
-0.00575
-0.00530
-0.00510
-0.00490
-0.00475
-0.00460
-0.00410
-0.00360
-0.00305
-0.00250
-0.00230
-0.00210
-0.00190
-0.00170
-0.00235
-0.00300
-0.00365
-0.00430
-0.00560
-0.00690
-0.00820
-0.00950
-0.01090
-0.01230
-0.01365
-0.01500
-0.01620
-0.01740
-0.01860
-0.01980
-0.02045
-0.02110
-0.02175
-0.02240
-0.02235
-0.02230
-0.02230
-0.02230
-0.02160
-0.02090
-0.02020
-0.01950
-0.01850
-0.01750
-0.01650
-0.01550
-0.01505
-0.01460
-0.01410
-0.01360
-0.01350
-0.01340
-0.01330
-0.01320
-0.01315
-0.01310
-0.01305
-0.01300
-0.01235
-0.01170
-0.01105
-0.01040
-0.00930
-0.00820
-0.00710
-0.00600
-0.00525
-0.00450
-0.00375
-0.00300
-0.00275
-0.00250
-0.00225
-0.00200
-0.00220
-0.00240
-0.00255
-0.00270
-0.00290
-0.00310
-0.00335
-0.00360
-0.00310
-0.00260
-0.00210
-0.00160
-0.00030
0.00100
0.00225
0.00350
0.00540
0.00730
0.00920
0.01110
0.01290
0.01470
0.01650
0.01830
0.01995
0.02160
0.02330
0.02500
0.02575
0.02650
0.02720
0.02790
0.02710
0.02630
0.02545
0.02460
0.02310
0.02160
0.02010
0.01860
0.01715
0.01570
0.01425
0.01280
0.01170
0.01060
0.00950
0.00840
0.00775
0.00710
0.00640
0.00570
0.00520
0.00470
0.00420
0.00370
0.00280
0.00190
0.00100
0.00010
-0.00095
-0.00200
-0.00300
-0.00400
-0.00515
-0.00630
-0.00745
-0.00860
-0.00925
-0.00990
-0.01055
-0.01120
-0.01140
-0.01160
-0.01180
-0.01200
-0.01140
-0.01080
-0.01015
-0.00950
-0.00795
-0.00640
-0.00485
-0.00330
-0.00205
-0.00080
0.00050
0.00180
0.00275
0.00370
0.00465
0.00560
0.00605
0.00650
0.00695
0.00740
0.00775
0.00810
0.00850
0.00890
0.00925
0.00960
0.01000
0.01040
0.01035
0.01030
0.01020
0.01010
0.00975
0.00940
0.00905
0.00870
0.00780
0.00690
0.00600
0.00510
0.00445
0.00380
0.00315
0.00250
0.00215
0.00180
0.00145
0.00110
0.00080
0.00050
0.00020
-0.00010
-0.00000
0.00010
0.00015
0.00020
0.00025
0.00030
0.00035
0.00040
-0.00015
-0.00070
-0.00120
-0.00170
-0.00270
-0.00370
-0.00465
-0.00560
-0.00650
-0.00740
-0.00835
-0.00930
-0.01000
-0.01070
-0.01145
-0.01220
-0.01235
-0.01250
-0.01270
-0.01290
-0.01260
-0.01230
-0.01200
-0.01170
-0.01125
-0.01080
-0.01035
-0.00990
-0.00950
-0.00910
-0.00865
-0.00820
-0.00730
-0.00640
-0.00545
-0.00450
-0.00315
-0.00180
-0.00045
0.00090
0.00205
0.00320
0.00430
0.00540
0.00665
0.00790
0.00915
0.01040
0.01125
0.01210
0.01295
0.01380
0.01440
0.01500
0.01565
0.01630
0.01660
0.01690
0.01720
0.01750
0.01740
0.01730
0.01725
0.01720
0.01745
0.01770
0.01795
0.01820
0.01820
0.01820
0.01820
0.01820
0.01815
0.01810
0.01810
0.01810
0.01810
0.01810
0.01810
0.01810
0.01805
0.01800
0.01795
0.01790
0.01785
0.01780
0.01775
0.01770
0.01730
0.01690
0.01655
0.01620
0.01545
0.01470
0.01400
0.01330
0.01285
0.01240
0.01195
0.01150
0.01110
0.01070
0.01035
0.01000
0.01025
0.01050
0.01080
0.01110
0.01120
0.01130
0.01140
0.01150
0.01070
0.00990
0.00910
0.00830
0.00700
0.00570
0.00445
0.00320
0.00195
0.00070
-0.00060
-0.00190
-0.00265
-0.00340
-0.00415
-0.00490
-0.00480
-0.00470
-0.00460
-0.00450
-0.00380
-0.00310
-0.00240
-0.00170
-0.00145
-0.00120
-0.00095
-0.00070
-0.00120
-0.00170
-0.00220
-0.00270
-0.00345
-0.00420
-0.00495
-0.00570
-0.00655
-0.00740
-0.00830
-0.00920
-0.01005
-0.01090
-0.01175
-0.01260
-0.01310
-0.01360
-0.01410
-0.01460
-0.01550
-0.01640
-0.01730
-0.01820
-0.01870
-0.01920
-0.01975
-0.02030
-0.02055
-0.02080
-0.02100
-0.02120
-0.02075
-0.02030
-0.01980
-0.01930
-0.01880
-0.01830
-0.01780
-0.01730
-0.01750
-0.01770
-0.01790
-0.01810
-0.01845
-0.01880
-0.01915
-0.01950
-0.01975
-0.02000
-0.02020
-0.02040
-0.02035
-0.02030
-0.02020
-0.02010
-0.01960
-0.01910
-0.01855
-0.01800
-0.01700
-0.01600
-0.01500
-0.01400
-0.01305
-0.01210
-0.01120
-0.01030
-0.00900
-0.00770
-0.00645
-0.00520
-0.00405
-0.00290
-0.00175
-0.00060
0.00020
0.00100
0.00180
0.00260
0.00295
0.00330
0.00365
0.00400
0.00455
0.00510
0.00570
0.00630
0.00655
0.00680
0.00710
0.00740
0.00790
0.00840
0.00885
0.00930
0.00955
0.00980
0.01005
0.01030
0.01035
0.01040
0.01050
0.01060
0.01115
0.01170
0.01230
0.01290
0.01350
0.01410
0.01470
0.01530
0.01610
0.01690
0.01770
0.01850
0.01920
0.01990
0.02055
0.02120
0.02130
0.02140
0.02150
0.02160
0.02105
0.02050
0.02000
0.01950
0.01815
0.01680
0.01550
0.01420
0.01255
0.01090
0.00920
0.00750
0.00640
0.00530
0.00425
0.00320
0.00185
0.00050
-0.00080
-0.00210
-0.00270
-0.00330
-0.00390
-0.00450
-0.00425
-0.00400
-0.00380
-0.00360
-0.00295
-0.00230
-0.00160
-0.00090
-0.00090
-0.00090
-0.00085
-0.00080
-0.00115
-0.00150
-0.00190
-0.00230
-0.00325
-0.00420
-0.00520
-0.00620
-0.00755
-0.00890
-0.01030
-0.01170
-0.01290
-0.01410
-0.01535
-0.01660
-0.01765
-0.01870
-0.01975
-0.02080
-0.02115
-0.02150
-0.02185
-0.02220
-0.02185
-0.02150
-0.02115
-0.02080
-0.01975
-0.01870
-0.01765
-0.01660
-0.01580
-0.01500
-0.01420
-0.01340
-0.01285
-0.01230
-0.01175
-0.01120
-0.01100
-0.01080
-0.01060
-0.01040
-0.01000
-0.00960
-0.00925
-0.00890
-0.00845
-0.00800
-0.00755
-0.00710
-0.00720
-0.00730
-0.00735
-0.00740
-0.00755
-0.00770
-0.00785
-0.00800
-0.00765
-0.00730
-0.00690
-0.00650
-0.00575
-0.00500
-0.00430
-0.00360
-0.00210
-0.00060
0.00090
0.00240
0.00430
0.00620
0.00810
0.01000
0.01195
0.01390
0.01585
0.01780
0.01920
0.02060
0.02205
0.02350
0.02410
0.02470
0.02535
0.02600
0.02640
0.02680
0.02715
0.02750
0.02710
0.02670
0.02625
0.02580
0.02510
0.02440
0.02370
0.02300
0.02180
0.02060
0.01935
0.01810
0.01615
0.01420
0.01230
0.01040
0.00865
0.00690
0.00515
0.00340
0.00185
0.00030
-0.00120
-0.00270
-0.00385
-0.00500
-0.00610
-0.00720
-0.00765
-0.00810
-0.00850
-0.00890
-0.00820
-0.00750
-0.00680
-0.00610
-0.00440
-0.00270
-0.00100
0.00070
0.00255
0.00440
0.00630
0.00820
0.01000
0.01180
0.01360
0.01540
0.01690
0.01840
0.01985
0.02130
0.02175
0.02220
0.02270
0.02320
0.02250
0.02180
0.02115
0.02050
0.01935
0.01820
0.01700
0.01580
0.01465
0.01350
0.01230
0.01110
0.01025
0.00940
0.00855
0.00770
0.00715
0.00660
0.00610
0.00560
0.00535
0.00510
0.00480
0.00450
0.00405
0.00360
0.00315
0.00270
0.00230
0.00190
0.00145
0.00100
0.00030
-0.00040
-0.00110
-0.00180
-0.00290
-0.00400
-0.00510
-0.00620
-0.00660
-0.00700
-0.00740
-0.00780
-0.00745
-0.00710
-0.00675
-0.00640
-0.00580
-0.00520
-0.00460
-0.00400
-0.00400
-0.00400
-0.00400
-0.00400
-0.00390
-0.00380
-0.00375
-0.00370
-0.00390
-0.00410
-0.00435
-0.00460
-0.00525
-0.00590
-0.00655
-0.00720
-0.00780
-0.00840
-0.00900
-0.00960
-0.01060
-0.01160
-0.01265
-0.01370
-0.01435
-0.01500
-0.01570
-0.01640
-0.01660
-0.01680
-0.01700
-0.01720
-0.01690
-0.01660
-0.01625
-0.01590
-0.01545
-0.01500
-0.01455
-0.01410
-0.01395
-0.01380
-0.01365
-0.01350
-0.01340
-0.01330
-0.01315
-0.01300
-0.01270
-0.01240
-0.01210
-0.01180
-0.01155
-0.01130
-0.01110
-0.01090
-0.01035
-0.00980
-0.00925
-0.00870
-0.00790
-0.00710
-0.00635
-0.00560
-0.00530
-0.00500
-0.00470
-0.00440
-0.00435
-0.00430
-0.00430
-0.00430
-0.00430
-0.00430
-0.00430
-0.00430
-0.00405
-0.00380
-0.00355
-0.00330
-0.00340
-0.00350
-0.00365
-0.00380
-0.00350
-0.00320
-0.00290
-0.00260
-0.00220
-0.00180
-0.00140
-0.00100
-0.00060
-0.00020
0.00015
0.00050
0.00080
0.00110
0.00145
0.00180
0.00155
0.00130
0.00110
0.00090
0.00100
0.00110
0.00120
0.00130
0.00120
0.00110
0.00095
0.00080
0.00045
0.00010
-0.00025
-0.00060
-0.00075
-0.00090
-0.00105
-0.00120
-0.00120
-0.00120
-0.00125
-0.00130
-0.00020
0.00090
0.00200
0.00310
0.00420
0.00530
0.00640
0.00750
0.00820
0.00890
0.00960
0.01030
0.01060
0.01090
0.01120
0.01150
0.01105
0.01060
0.01020
0.00980
0.00860
0.00740
0.00620
0.00500
0.00360
0.00220
0.00085
-0.00050
-0.00110
-0.00170
-0.00235
-0.00300
-0.00330
-0.00360
-0.00395
-0.00430
-0.00415
-0.00400
-0.00380
-0.00360
-0.00300
-0.00240
-0.00180
-0.00120
-0.00060
0.00000
0.00060
0.00120
0.00115
0.00110
0.00105
0.00100
0.00105
0.00110
0.00120
0.00130
0.00080
0.00030
-0.00015
-0.00060
-0.00120
-0.00180
-0.00235
-0.00290
-0.00315
-0.00340
-0.00360
-0.00380
-0.00425
-0.00470
-0.00515
-0.00560
-0.00610
-0.00660
-0.00710
-0.00760
-0.00795
-0.00830
-0.00865
-0.00900
-0.00815
-0.00730
-0.00650
-0.00570
-0.00515
-0.00460
-0.00405
-0.00350
-0.00290
-0.00230
-0.00170
-0.00110
-0.00040
0.00030
0.00100
0.00170
0.00180
0.00190
0.00195
0.00200
0.00155
0.00110
0.00065
0.00020
-0.00085
-0.00190
-0.00295
-0.00400
-0.00445
-0.00490
-0.00540
-0.00590
-0.00630
-0.00670
-0.00705
-0.00740
-0.00725
-0.00710
-0.00690
-0.00670
-0.00600
-0.00530
-0.00460
-0.00390
-0.00310
-0.00230
-0.00150
-0.00070
0.00005
0.00080
0.00155
0.00230
0.00275
0.00320
0.00360
0.00400
0.00420
0.00440
0.00460
0.00480
0.00440
0.00400
0.00360
0.00320
0.00275
0.00230
0.00185
0.00140
0.00055
-0.00030
-0.00120
-0.00210
-0.00285
-0.00360
-0.00435
-0.00510
-0.00595
-0.00680
-0.00765
-0.00850
-0.00930
-0.01010
-0.01085
-0.01160
-0.01185
-0.01210
-0.01235
-0.01260
-0.01315
-0.01370
-0.01425
-0.01480
-0.01455
-0.01430
-0.01405
-0.01380
-0.01335
-0.01290
-0.01240
-0.01190
-0.01140
-0.01090
-0.01035
-0.00980
-0.00885
-0.00790
-0.00695
-0.00600
-0.00515
-0.00430
-0.00345
-0.00260
-0.00170
-0.00080
0.00005
0.00090
0.00170
0.00250
0.00335
0.00420
0.00525
0.00630
0.00735
0.00840
0.00940
0.01040
0.01140
0.01240
0.01280
0.01320
0.01360
0.01400
0.01410
0.01420
0.01435
0.01450
0.01435
0.01420
0.01410
0.01400
0.01360
0.01320
0.01285
0.01250
0.01265
0.01280
0.01295
0.01310
0.01335
0.01360
0.01390
0.01420
0.01475
0.01530
0.01590
0.01650
0.01650
0.01650
0.01650
0.01650
0.01615
0.01580
0.01540
0.01500
0.01455
0.01410
0.01370
0.01330
0.01250
0.01170
0.01090
0.01010
0.00985
0.00960
0.00940
0.00920
0.00875
0.00830
0.00790
0.00750
0.00735
0.00720
0.00705
0.00690
0.00685
0.00680
0.00675
0.00670
0.00655
0.00640
0.00625
0.00610
0.00545
0.00480
0.00410
0.00340
0.00270
0.00200
0.00130
0.00060
0.00020
-0.00020
-0.00055
-0.00090
-0.00115
-0.00140
-0.00160
-0.00180
-0.00165
-0.00150
-0.00135
-0.00120
-0.00120
-0.00120
-0.00120
-0.00120
-0.00105
-0.00090
-0.00075
-0.00060
-0.00060
-0.00060
-0.00055
-0.00050
-0.00085
-0.00120
-0.00150
-0.00180
-0.00205
-0.00230
-0.00255
-0.00280
-0.00300
-0.00320
-0.00340
-0.00360
-0.00395
-0.00430
-0.00460
-0.00490
-0.00500
-0.00510
-0.00520
-0.00530
-0.00545
-0.00560
-0.00575
-0.00590
-0.00600
-0.00610
-0.00625
-0.00640
-0.00630
-0.00620
-0.00610
-0.00600
-0.00560
-0.00520
-0.00480
-0.00440
-0.00355
-0.00270
-0.00185
-0.00100
-0.00045
0.00010
0.00060
0.00110
0.00205
0.00300
0.00390
0.00480
0.00540
0.00600
0.00660
0.00720
0.00705
0.00690
0.00680
0.00670
0.00625
0.00580
0.00535
0.00490
0.00410
0.00330
0.00250
0.00170
0.00140
0.00110
0.00075
0.00040
0.00055
0.00070
0.00085
0.00100
0.00170
0.00240
0.00305
0.00370
0.00455
0.00540
0.00620
0.00700
0.00745
0.00790
0.00835
0.00880
0.00865
0.00850
0.00840
0.00830
0.00810
0.00790
0.00765
0.00740
0.00740
0.00740
0.00740
0.00740
0.00790
0.00840
0.00885
0.00930
0.00905
0.00880
0.00860
0.00840
0.00805
0.00770
0.00740
0.00710
0.00660
0.00610
0.00560
0.00510
0.00425
0.00340
0.00260
0.00180
0.00155
0.00130
0.00105
0.00080
0.00025
-0.00030
-0.00080
-0.00130
-0.00130
-0.00130
-0.00130
-0.00130
-0.00170
-0.00210
-0.00250
-0.00290
-0.00340
-0.00390
-0.00435
-0.00480
-0.00480
-0.00480
-0.00485
-0.00490
-0.00450
-0.00410
-0.00370
-0.00330
-0.00290
-0.00250
-0.00205
-0.00160
-0.00080
0.00000
0.00080
0.00160
0.00175
0.00190
0.00205
0.00220
0.00225
0.00230
0.00235
0.00240
0.00205
0.00170
0.00135
0.00100
0.00060
0.00020
-0.00015
-0.00050
-0.00070
-0.00090
-0.00105
-0.00120
-0.00155
-0.00190
-0.00225
-0.00260
-0.00245
-0.00230
-0.00215
-0.00200
-0.00190
-0.00180
-0.00170
-0.00160
-0.00155
-0.00150
-0.00150
-0.00150
-0.00160
-0.00170
-0.00180
-0.00190
-0.00235
-0.00280
-0.00325
-0.00370
-0.00460
-0.00550
-0.00640
-0.00730
-0.00680
-0.00630
-0.00580
-0.00530
-0.00520
-0.00510
-0.00495
-0.00480
-0.00455
-0.00430
-0.00405
-0.00380
-0.00380
-0.00380
-0.00375
-0.00370
-0.00350
-0.00330
-0.00310
-0.00290
-0.00310
-0.00330
-0.00345
-0.00360
-0.00420
-0.00480
-0.00535
-0.00590
-0.00655
-0.00720
-0.00780
-0.00840
-0.00940
-0.01040
-0.01135
-0.01230
-0.01310
-0.01390
-0.01470
-0.01550
-0.01625
-0.01700
-0.01775
-0.01850
-0.01860
-0.01870
-0.01875
-0.01880
-0.01855
-0.01830
-0.01800
-0.01770
-0.01715
-0.01660
-0.01610
-0.01560
-0.01530
-0.01500
-0.01470
-0.01440
-0.01475
-0.01510
-0.01545
-0.01580
-0.01650
-0.01720
-0.01795
-0.01870
-0.01895
-0.01920
-0.01950
-0.01980
-0.02025
-0.02070
-0.02120
-0.02170
-0.02120
-0.02070
-0.02020
-0.01970
-0.01850
-0.01730
-0.01605
-0.01480
-0.01370
-0.01260
-0.01150
-0.01040
-0.00920
-0.00800
-0.00675
-0.00550
-0.00455
-0.00360
-0.00260
-0.00160
-0.00035
0.00090
0.00220
0.00350
0.00420
0.00490
0.00560
0.00630
0.00690
0.00750
0.00810
0.00870
0.00955
0.01040
0.01125
0.01210
0.01270
0.01330
0.01390
0.01450
0.01500
0.01550
0.01600
0.01650
0.01700
0.01750
0.01805
0.01860
0.01890
0.01920
0.01950
0.01980
0.01980
0.01980
0.01985
0.01990
0.01975
0.01960
0.01950
0.01940
0.01925
0.01910
0.01895
0.01880
0.01845
0.01810
0.01775
0.01740
0.01740
0.01740
0.01735
0.01730
0.01700
0.01670
0.01635
0.01600
0.01540
0.01480
0.01420
0.01360
0.01295
0.01230
0.01165
0.01100
0.01035
0.00970
0.00905
0.00840
0.00795
0.00750
0.00700
0.00650
0.00605
0.00560
0.00515
0.00470
0.00420
0.00370
0.00325
0.00280
0.00260
0.00240
0.00220
0.00200
0.00170
0.00140
0.00110
0.00080
0.00020
-0.00040
-0.00095
-0.00150
-0.00155
-0.00160
-0.00170
-0.00180
-0.00215
-0.00250
-0.00285
-0.00320
-0.00330
-0.00340
-0.00350
-0.00360
-0.00410
-0.00460
-0.00510
-0.00560
-0.00580
-0.00600
-0.00620
-0.00640
-0.00640
-0.00640
-0.00640
-0.00640
-0.00610
-0.00580
-0.00550
-0.00520
-0.00470
-0.00420
-0.00370
-0.00320
-0.00275
-0.00230
-0.00185
-0.00140
-0.00130
-0.00120
-0.00110
-0.00100
-0.00110
-0.00120
-0.00125
-0.00130
-0.00130
-0.00130
-0.00130
-0.00130
-0.00135
-0.00140
-0.00145
-0.00150
-0.00140
-0.00130
-0.00120
-0.00110
-0.00090
-0.00070
-0.00055
-0.00040
0.00005
0.00050
0.00100
0.00150
0.00180
0.00210
0.00240
0.00270
0.00280
0.00290
0.00295
0.00300
0.00275
0.00250
0.00230
0.00210
0.00195
0.00180
0.00165
0.00150
0.00095
0.00040
-0.00010
-0.00060
-0.00095
-0.00130
-0.00170
-0.00210
-0.00265
-0.00320
-0.00370
-0.00420
-0.00440
-0.00460
-0.00480
-0.00500
-0.00480
-0.00460
-0.00445
-0.00430
-0.00390
-0.00350
-0.00310
-0.00270
-0.00210
-0.00150
-0.00090
-0.00030
0.00030
0.00090
0.00145
0.00200
0.00225
0.00250
0.00280
0.00310
0.00275
0.00240
0.00210
0.00180
0.00140
0.00100
0.00060
0.00020
-0.00025
-0.00070
-0.00115
-0.00160
-0.00195
-0.00230
-0.00265
-0.00300
-0.00305
-0.00310
-0.00320
-0.00330
-0.00335
-0.00340
-0.00345
-0.00350
-0.00350
-0.00350
-0.00355
-0.00360
-0.00360
-0.00360
-0.00355
-0.00350
-0.00320
-0.00290
-0.00255
-0.00220
-0.00190
-0.00160
-0.00125
-0.00090
-0.00095
-0.00100
-0.00105
-0.00110
-0.00100
-0.00090
-0.00080
-0.00070
-0.00075
-0.00080
-0.00085
-0.00090
-0.00070
-0.00050
-0.00035
-0.00020
0.00025
0.00070
0.00115
0.00160
0.00180
0.00200
0.00215
0.00230
0.00260
0.00290
0.00320
0.00350
0.00310
0.00270
0.00225
0.00180
0.00185
0.00190
0.00190
0.00190
0.00250
0.00310
0.00365
0.00420
0.00420
0.00420
0.00415
0.00410
0.00490
0.00570
0.00645
0.00720
0.00765
0.00810
0.00855
0.00900
0.00940
0.00980
0.01015
0.01050
0.01095
0.01140
0.01190
0.01240
0.01235
0.01230
0.01225
0.01220
0.01195
0.01170
0.01150
0.01130
0.01070
0.01010
0.00950
0.00890
0.00840
0.00790
0.00735
0.00680
0.00610
0.00540
0.00470
0.00400
0.00355
0.00310
0.00270
0.00230
0.00195
0.00160
0.00125
0.00090
0.00050
0.00010
-0.00025
-0.00060
-0.00090
-0.00120
-0.00155
-0.00190
-0.00220
-0.00250
-0.00280
-0.00310
-0.00300
-0.00290
-0.00275
-0.00260
-0.00240
-0.00220
-0.00195
-0.00170
-0.00130
-0.00090
-0.00045
0.00000
-0.00010
-0.00020
-0.00025
-0.00030
-0.00040
-0.00050
-0.00060
-0.00070
-0.00140
-0.00210
-0.00285
-0.00360
-0.00445
-0.00530
-0.00615
-0.00700
-0.00755
-0.00810
-0.00865
-0.00920
-0.00980
-0.01040
-0.01105
-0.01170
-0.01165
-0.01160
-0.01160
-0.01160
-0.01145
-0.01130
-0.01120
-0.01110
-0.01115
-0.01120
-0.01125
-0.01130
-0.01120
-0.01110
-0.01105
-0.01100
-0.01095
-0.01090
-0.01090
-0.01090
-0.01055
-0.01020
-0.00990
-0.00960
-0.00945
-0.00930
-0.00915
-0.00900
-0.00840
-0.00780
-0.00720
-0.00660
-0.00595
-0.00530
-0.00460
-0.00390
-0.00350
-0.00310
-0.00265
-0.00220
-0.00230
-0.00240
-0.00250
-0.00260
-0.00285
-0.00310
-0.00335
-0.00360
-0.00365
-0.00370
-0.00375
-0.00380
-0.00410
-0.00440
-0.00470
-0.00500
-0.00475
-0.00450
-0.00425
-0.00400
-0.00370
-0.00340
-0.00310
-0.00280
-0.00250
-0.00220
-0.00195
-0.00170
-0.00115
-0.00060
-0.00005
0.00050
0.00090
0.00130
0.00170
0.00210
0.00220
0.00230
0.00235
0.00240
0.00260
0.00280
0.00305
0.00330
0.00325
0.00320
0.00315
0.00310
0.00305
0.00300
0.00300
0.00300
0.00280
0.00260
0.00235
0.00210
0.00260
0.00310
0.00360
0.00410
0.00435
0.00460
0.00485
0.00510
0.00470
0.00430
0.00390
0.00350
0.00280
0.00210
0.00140
0.00070
0.00010
-0.00050
-0.00110
-0.00170
-0.00210
-0.00250
-0.00290
-0.00330
-0.00360
-0.00390
-0.00420
-0.00450
-0.00430
-0.00410
-0.00390
-0.00370
-0.00370
-0.00370
-0.00375
-0.00380
-0.00375
-0.00370
-0.00365
-0.00360
-0.00315
-0.00270
-0.00220
-0.00170
-0.00160
-0.00150
-0.00140
-0.00130
-0.00185
-0.00240
-0.00290
-0.00340
-0.00330
-0.00320
-0.00310
-0.00300
-0.00340
-0.00380
-0.00415
-0.00450
-0.00440
-0.00430
-0.00425
-0.00420
-0.00360
-0.00300
-0.00235
-0.00170
-0.00070
0.00030
0.00135
0.00240
0.00380
0.00520
0.00660
0.00800
0.00895
0.00990
0.01085
0.01180
0.01265
0.01350
0.01440
0.01530
0.01530
0.01530
0.01530
0.01530
0.01480
0.01430
0.01385
0.01340
0.01270
0.01200
0.01130
0.01060
0.01005
0.00950
0.00895
0.00840
0.00825
0.00810
0.00800
0.00790
0.00770
0.00750
0.00725
0.00700
0.00695
0.00690
0.00685
0.00680
0.00640
0.00600
0.00560
0.00520
0.00485
0.00450
0.00415
0.00380
0.00325
0.00270
0.00215
0.00160
0.00055
-0.00050
-0.00150
-0.00250
-0.00320
-0.00390
-0.00460
-0.00530
-0.00570
-0.00610
-0.00645
-0.00680
-0.00690
-0.00700
-0.00710
-0.00720
-0.00685
-0.00650
-0.00620
-0.00590
-0.00545
-0.00500
-0.00455
-0.00410
-0.00390
-0.00370
-0.00355
-0.00340
-0.00340
-0.00340
-0.00340
-0.00340
-0.00340
-0.00340
-0.00340
-0.00340
-0.00350
-0.00360
-0.00365
-0.00370
-0.00365
-0.00360
-0.00355
-0.00350
-0.00305
-0.00260
-0.00210
-0.00160
-0.00140
-0.00120
-0.00100
-0.00080
-0.00100
-0.00120
-0.00135
-0.00150
-0.00160
-0.00170
-0.00185
-0.00200
-0.00185
-0.00170
-0.00155
-0.00140
-0.00110
-0.00080
-0.00050
-0.00020
0.00020
0.00060
0.00095
0.00130
0.00180
0.00230
0.00280
0.00330
0.00405
0.00480
0.00555
0.00630
0.00650
0.00670
0.00695
0.00720
0.00760
0.00800
0.00840
0.00880
0.00910
0.00940
0.00970
0.01000
0.01035
0.01070
0.01100
0.01130
0.01170
0.01210
0.01250
0.01290
0.01300
0.01310
0.01325
0.01340
0.01315
0.01290
0.01260
0.01230
0.01155
0.01080
0.01005
0.00930
0.00865
0.00800
0.00735
0.00670
0.00620
0.00570
0.00520
0.00470
0.00430
0.00390
0.00355
0.00320
0.00245
0.00170
0.00100
0.00030
0.00015
-0.00000
-0.00015
-0.00030
-0.00055
-0.00080
-0.00105
-0.00130
-0.00155
-0.00180
-0.00210
-0.00240
-0.00235
-0.00230
-0.00230
-0.00230
-0.00250
-0.00270
-0.00285
-0.00300
-0.00295
-0.00290
-0.00285
-0.00280
-0.00285
-0.00290
-0.00300
-0.00310
-0.00330
-0.00350
-0.00375
-0.00400
-0.00435
-0.00470
-0.00505
-0.00540
-0.00595
-0.00650
-0.00705
-0.00760
-0.00775
-0.00790
-0.00805
-0.00820
-0.00775
-0.00730
-0.00680
-0.00630
-0.00560
-0.00490
-0.00420
-0.00350
-0.00275
-0.00200
-0.00120
-0.00040
0.00005
0.00050
0.00100
0.00150
0.00150
0.00150
0.00150
0.00150
0.00125
0.00100
0.00080
0.00060
0.00025
-0.00010
-0.00045
-0.00080
-0.00095
-0.00110
-0.00120
-0.00130
-0.00135
-0.00140
-0.00145
-0.00150
-0.00115
-0.00080
-0.00045
-0.00010
0.00020
0.00050
0.00085
0.00120
0.00105
0.00090
0.00070
0.00050
0.00035
0.00020
-0.00000
-0.00020
-0.00070
-0.00120
-0.00170
-0.00220
-0.00265
-0.00310
-0.00355
-0.00400
-0.00445
-0.00490
-0.00535
-0.00580
-0.00620
-0.00660
-0.00695
-0.00730
-0.00750
-0.00770
-0.00785
-0.00800
-0.00815
-0.00830
-0.00840
-0.00850
-0.00815
-0.00780
-0.00745
-0.00710
-0.00690
-0.00670
-0.00650
-0.00630
-0.00605
-0.00580
-0.00555
-0.00530
-0.00530
-0.00530
-0.00525
-0.00520
-0.00525
-0.00530
-0.00535
-0.00540
-0.00550
-0.00560
-0.00570
-0.00580
-0.00600
-0.00620
-0.00645
-0.00670
-0.00645
-0.00620
-0.00595
-0.00570
-0.00540
-0.00510
-0.00480
-0.00450
-0.00420
-0.00390
-0.00365
-0.00340
-0.00310
-0.00280
-0.00250
-0.00220
-0.00175
-0.00130
-0.00085
-0.00040
-0.00020
0.00000
0.00020
0.00040
0.00045
0.00050
0.00060
0.00070
0.00055
0.00040
0.00020
-0.00000
-0.00035
-0.00070
-0.00105
-0.00140
-0.00160
-0.00180
-0.00200
-0.00220
-0.00225
-0.00230
-0.00235
-0.00240
-0.00230
-0.00220
-0.00215
-0.00210
-0.00205
-0.00200
-0.00195
-0.00190
-0.00165
-0.00140
-0.00115
-0.00090
-0.00040
0.00010
0.00060
0.00110
0.00140
0.00170
0.00200
0.00230
0.00265
0.00300
0.00335
0.00370
0.00360
0.00350
0.00340
0.00330
0.00305
0.00280
0.00250
0.00220
0.00190
0.00160
0.00125
0.00090
0.00080
0.00070
0.00060
0.00050
0.00055
0.00060
0.00060
0.00060
0.00055
0.00050
0.00040
0.00030
0.00030
0.00030
0.00030
0.00030
-0.00000
-0.00030
-0.00065
-0.00100
-0.00090
-0.00080
-0.00075
-0.00070
-0.00050
-0.00030
-0.00010
0.00010
0.00050
0.00090
0.00130
0.00170
0.00185
0.00200
0.00210
0.00220
0.00240
0.00260
0.00280
0.00300
0.00315
0.00330
0.00345
0.00360
0.00365
0.00370
0.00370
0.00370
0.00375
0.00380
0.00390
0.00400
0.00390
0.00380
0.00365
0.00350
0.00325
0.00300
0.00275
0.00250
0.00205
0.00160
0.00120
0.00080
0.00050
0.00020
-0.00010
-0.00040
-0.00060
-0.00080
-0.00100
-0.00120
-0.00125
-0.00130
-0.00135
-0.00140
-0.00125
-0.00110
-0.00090
-0.00070
-0.00035
0.00000
0.00035
0.00070
0.00120
0.00170
0.00225
0.00280
0.00315
0.00350
0.00385
0.00420
0.00435
0.00450
0.00470
0.00490
0.00480
0.00470
0.00460
0.00450
0.00425
0.00400
0.00375
0.00350
0.00335
0.00320
0.00310
0.00300
0.00290
0.00280
0.00275
0.00270
0.00250
0.00230
0.00210
0.00190
0.00160
0.00130
0.00100
0.00070
0.00060
0.00050
0.00040
0.00030
0.00020
0.00010
-0.00005
-0.00020
-0.00020
-0.00020
-0.00020
-0.00020
-0.00015
-0.00010
-0.00005
0.00000
0.00000
-0.00000
-0.00005
-0.00010
-0.00025
-0.00040
-0.00055
-0.00070
-0.00090
-0.00110
-0.00130
-0.00150
-0.00170
-0.00190
-0.00210
-0.00230
-0.00240
-0.00250
-0.00265
-0.00280
-0.00275
-0.00270
-0.00260
-0.00250
-0.00225
-0.00200
-0.00170
-0.00140
-0.00115
-0.00090
-0.00060
-0.00030
-0.00020
-0.00010
0.00000
0.00010
0.00020
0.00030
0.00045
0.00060
0.00065
0.00070
0.00070
0.00070
0.00070
0.00070
0.00070
0.00070
0.00070
0.00070
0.00075
0.00080
0.00080
0.00080
0.00080
0.00080
0.00080
0.00080
0.00075
0.00070
0.00065
0.00060
0.00055
0.00050
0.00050
0.00050
0.00050
0.00050
0.00050
0.00050
0.00045
0.00040
0.00030
0.00020
0.00010
-0.00000
-0.00015
-0.00030
-0.00050
-0.00070
-0.00070
-0.00070
-0.00075
-0.00080
-0.00085
-0.00090
-0.00095
-0.00100
-0.00095
-0.00090
-0.00090
-0.00090
-0.00085
-0.00080
-0.00080
-0.00080
-0.00080
-0.00080
-0.00080
-0.00080
-0.00075
-0.00070
-0.00070
-0.00070
-0.00070
-0.00070
-0.00070
-0.00070
-0.00070
-0.00070
-0.00075
-0.00080
-0.00090
-0.00100
-0.00110
-0.00120
-0.00125
-0.00130
-0.00130
-0.00130
-0.00130
-0.00130
-0.00135
-0.00140
-0.00135
-0.00130
-0.00125
-0.00120
-0.00115
-0.00110
-0.00105
-0.00100
-0.00090
-0.00080
-0.00070
-0.00060
-0.00060
-0.00060
-0.00055
-0.00050
-0.00055
-0.00060
-0.00060
-0.00060
-0.00055
-0.00050
-0.00045
-0.00040
-0.00040
-0.00040
-0.00035
-0.00030
-0.00025
-0.00020
-0.00010
0.00000
0.00005
0.00010
0.00015
0.00020
0.00020
0.00020
0.00020
0.00020
0.00020
0.00020
0.00020
0.00020
0.00020
0.00020
0.00020
0.00020
0.00015
0.00010
0.00010
0.00010
0.00015
0.00020
0.00020
0.00020
0.00025
0.00030
0.00035
0.00040
0.00045
0.00050
0.00060
0.00070
0.00075
0.00080
0.00085
0.00090
0.00095
0.00100
0.00100
0.00100
0.00105
0.00110
0.00115
0.00120
0.00120
0.00120
0.00120
0.00120
0.00115
0.00110
0.00110
0.00110
0.00105
0.00100
0.00100
0.00100
0.00095
0.00090
0.00085
0.00080
0.00075
0.00070
0.00065
0.00060
0.00055
0.00050
0.00045
0.00040
0.00040
0.00040
0.00040
0.00040
0.00035
0.00030
0.00030
0.00030
0.00030
0.00030
0.00025
0.00020
0.00020
0.00020
0.00020
0.00020
0.00020
0.00020
0.00025
0.00030
0.00030
0.00030
0.00030
0.00030
0.00030
0.00030
0.00030
0.00030
0.00025
0.00020
0.00020
0.00020
0.00020
0.00020
0.00020
0.00020
0.00015
0.00010
0.00010
0.00010
0.00010
0.00010
0.00010
0.00010
0.00005
-0.00000
-0.00000
0.00000
0.00000
0.00000
0.00000
0.00000
0.00000
0.00000
0.00000
0.00000
0.00000
0.00000
-0.00005
-0.00010
-0.00010
-0.00010
-0.00010
-0.00010
-0.00010
-0.00010
-0.00010
-0.00010
-0.00010
-0.00010
-0.00010
-0.00010
-0.00010
-0.00010
-0.00010
-0.00010
-0.00010
-0.00010
-0.00010
-0.00010
-0.00010
-0.00010
-0.00010
-0.00010
-0.00010
-0.00010
-0.00010
-0.00010
-0.00010
-0.00010
-0.00010
-0.00010
-0.00010
-0.00010
-0.00010
-0.00010
-0.00010
-0.00010
-0.00010
-0.00010
-0.00010
-0.00010
-0.00010
-0.00010
-0.00010
-0.00010
-0.00010
-0.00010
