0.00000
-0.00001
-0.00005
-0.00011
-0.00017
-0.00025
-0.00033
-0.00042
-0.00053
-0.00064
-0.00077
-0.00089
-0.00100
-0.00110
-0.00114
-0.00111
-0.00098
-0.00070
-0.00029
0.00027
0.00098
0.00184
0.00283
0.00396
0.00520
0.00656
0.00804
0.00965
0.01139
0.01327
0.01529
0.01745
0.01974
0.02216
0.02469
0.02732
0.03001
0.03276
0.03557
0.03844
0.04138
0.04439
0.04748
0.05067
0.05396
0.05736
0.06087
0.06449
0.06821
0.07202
0.07591
0.07988
0.08389
0.08793
0.09198
0.09600
0.09995
0.10382
0.10757
0.11119
0.11464
0.11792
0.12100
0.12388
0.12655
0.12901
0.13125
0.13328
0.13512
0.13677
0.13825
0.13961
0.14087
0.14206
0.14323
0.14440
0.14561
0.14689
0.14826
0.14972
0.15129
0.15299
0.15479
0.15669
0.15866
0.16068
0.16274
0.16481
0.16688
0.16892
0.17094
0.17294
0.17491
0.17686
0.17878
0.18068
0.18254
0.18439
0.18625
0.18816
0.19016
0.19230
0.19463
0.19720
0.20007
0.20328
0.20683
0.21073
0.21496
0.21951
0.22437
0.22952
0.23496
0.24067
0.24664
0.25287
0.25936
0.26609
0.27304
0.28018
0.28748
0.29490
0.30237
0.30983
0.31721
0.32443
0.33143
0.33817
0.34459
0.35065
0.35630
0.36154
0.36633
0.37064
0.37448
0.37782
0.38064
0.38294
0.38476
0.38611
0.38704
0.38758
0.38778
0.38770
0.38738
0.38688
0.38624
0.38550
0.38471
0.38390
0.38312
0.38240
0.38180
0.38135
0.38106
0.38094
0.38100
0.38125
0.38169
0.38231
0.38311
0.38408
0.38521
0.38648
0.38787
0.38938
0.39098
0.39264
0.39436
0.39611
0.39787
0.39960
0.40129
0.40290
0.40439
0.40574
0.40689
0.40782
0.40854
0.40907
0.40941
0.40961
0.40974
0.40989
0.41016
0.41063
0.41139
0.41253
0.41413
0.41626
0.41892
0.42207
0.42570
0.42979
0.43431
0.43924
0.44456
0.45025
0.45629
0.46264
0.46929
0.47620
0.48331
0.49053
0.49778
0.50499
0.51209
0.51900
0.52564
0.53194
0.53786
0.54335
0.54839
0.55293
0.55694
0.56042
0.56333
0.56565
0.56734
0.56835
0.56864
0.56818
0.56695
0.56496
0.56222
0.55875
0.55459
0.54980
0.54445
0.53859
0.53233
0.52579
0.51909
0.51235
0.50571
0.49931
0.49330
0.48779
0.48286
0.47853
0.47484
0.47181
0.46941
0.46759
0.46630
0.46548
0.46504
0.46489
0.46492
0.46504
0.46523
0.46545
0.46566
0.46586
0.46608
0.46636
0.46676
0.46733
0.46813
0.46922
0.47068
0.47256
0.47493
0.47785
0.48138
0.48556
0.49041
0.49595
0.50218
0.50909
0.51663
0.52473
0.53331
0.54231
0.55160
0.56107
0.57061
0.58012
0.58956
0.59894
0.60824
0.61748
0.62674
0.63614
0.64578
0.65576
0.66613
0.67691
0.68814
0.69983
0.71192
0.72437
0.73709
0.75001
0.76305
0.77610
0.78906
0.80183
0.81422
0.82604
0.83710
0.84722
0.85628
0.86415
0.87071
0.87587
0.87961
0.88194
0.88287
0.88241
0.88072
0.87795
0.87427
0.86983
0.86481
0.85938
0.85372
0.84799
0.84237
0.83706
0.83223
0.82807
0.82475
0.82244
0.82130
0.82149
0.82306
0.82604
0.83049
0.83642
0.84370
0.85220
0.86178
0.87228
0.88350
0.89521
0.90719
0.91926
0.93130
0.94324
0.95500
0.96653
0.97776
0.98866
0.99919
1.00931
1.01901
1.02829
1.03715
1.04559
1.05359
1.06113
1.06822
1.07484
1.08109
1.08708
1.09291
1.09870
1.10467
1.11101
1.11797
1.12571
1.13431
1.14378
1.15416
1.16544
1.17751
1.19024
1.20348
1.21709
1.23085
1.24453
1.25792
1.27077
1.28294
1.29425
1.30454
1.31367
1.32162
1.32836
1.33389
1.33821
1.34135
1.34336
1.34428
1.34417
1.34315
1.34135
1.33890
1.33597
1.33277
1.32953
1.32650
1.32392
1.32201
1.32102
1.32117
1.32266
1.32558
1.32999
1.33592
1.34342
1.35237
1.36265
1.37412
1.38666
1.40012
1.41437
1.42926
1.44464
1.46035
1.47622
1.49208
1.50774
1.52299
1.53759
1.55133
1.56399
1.57550
1.58582
1.59489
1.60270
1.60936
1.61501
1.61981
1.62391
1.62747
1.63069
1.63374
1.63679
1.64002
1.64357
1.64761
1.65228
1.65772
1.66404
1.67138
1.67982
1.68933
1.69985
1.71133
1.72367
1.73666
1.75002
1.76352
1.77692
1.79009
1.80294
1.81534
1.82724
1.83865
1.84964
1.86027
1.87060
1.88070
1.89063
1.90048
1.91030
1.92007
1.92976
1.93934
1.94878
1.95804
1.96708
1.97586
1.98435
1.99256
2.00049
2.00815
2.01557
2.02279
2.02990
2.03696
2.04403
2.05112
2.05822
2.06534
2.07244
2.07937
2.08593
2.09194
2.09723
2.10181
2.10570
2.10893
2.11155
2.11371
2.11557
2.11730
2.11903
2.12071
2.12228
2.12364
2.12470
2.12526
2.12512
2.12406
2.12192
2.11870
2.11444
2.10920
2.10303
2.09608
2.08850
2.08044
2.07209
2.06365
2.05537
2.04746
2.04018
2.03378
2.02855
2.02475
2.02264
2.02233
2.02391
2.02748
2.03307
2.04051
2.04956
2.06000
2.07161
2.08424
2.09773
2.11194
2.12674
2.14208
2.15793
2.17427
2.19103
2.20806
2.22518
2.24220
2.25895
2.27528
2.29105
2.30614
2.32042
2.33383
2.34631
2.35780
2.36828
2.37769
2.38601
2.39320
2.39927
2.40426
2.40829
2.41144
2.41385
2.41582
2.41773
2.41992
2.42275
2.42651
2.43152
2.43805
2.44635
2.45636
2.46798
2.48110
2.49558
2.51110
2.52733
2.54392
2.56053
2.57683
2.59251
2.60725
2.62074
2.63278
2.64316
2.65167
2.65814
2.66243
2.66441
2.66397
2.66102
2.65564
2.64795
2.63805
2.62610
2.61234
2.59702
2.58042
2.56278
2.54435
2.52533
2.50596
2.48646
2.46701
2.44781
2.42906
2.41093
2.39361
2.37727
2.36208
2.34819
2.33571
2.32476
2.31542
2.30777
2.30170
2.29710
2.29382
2.29172
2.29058
2.29018
2.29027
2.29065
2.29111
2.29150
2.29164
2.29138
2.29073
2.28970
2.28833
2.28667
2.28493
2.28333
2.28212
2.28151
2.28169
2.28282
2.28505
2.28854
2.29333
2.29945
2.30693
2.31579
2.32599
2.33749
2.35025
2.36422
2.37934
2.39552
2.41271
2.43081
2.44966
2.46910
2.48895
2.50901
2.52901
2.54862
2.56754
2.58547
2.60213
2.61729
2.63068
2.64209
2.65151
2.65897
2.66449
2.66814
2.67013
2.67070
2.67011
2.66858
2.66634
2.66363
2.66066
2.65767
2.65493
2.65274
2.65139
2.65115
2.65220
2.65472
2.65888
2.66481
2.67242
2.68161
2.69225
2.70424
2.71748
2.73190
2.74740
2.76395
2.78158
2.80039
2.82045
2.84183
2.86458
2.88874
2.91434
2.94140
2.96991
2.99983
3.03113
3.06377
3.09772
3.13291
3.16932
3.20687
3.24547
3.28501
3.32537
3.36642
3.40798
3.44983
3.49176
3.53357
3.57505
3.61601
3.65624
3.69555
3.73372
3.77052
3.80574
3.83916
3.87065
3.90006
3.92727
3.95218
3.97476
3.99502
4.01297
4.02861
4.04198
4.05311
4.06204
4.06882
4.07353
4.07628
4.07714
4.07624
4.07371
4.06972
4.06443
4.05799
4.05054
4.04220
4.03311
4.02337
4.01305
4.00217
3.99077
3.97889
3.96656
3.95379
3.94061
3.92708
3.91340
3.89983
3.88663
3.87404
3.86235
3.85185
3.84284
3.83554
3.83003
3.82633
3.82443
3.82433
3.82586
3.82880
3.83296
3.83812
3.84403
3.85042
3.85703
3.86362
3.87009
3.87633
3.88227
3.88785
3.89310
3.89809
3.90289
3.90756
3.91214
3.91671
3.92130
3.92595
3.93062
3.93524
3.93976
3.94409
3.94815
3.95184
3.95506
3.95774
3.95992
3.96163
3.96295
3.96395
3.96483
3.96579
3.96706
3.96882
3.97120
3.97429
3.97818
3.98299
3.98881
3.99579
4.00404
4.01367
4.02480
4.03753
4.05195
4.06812
4.08586
4.10494
4.12514
4.14623
4.16799
4.19021
4.21268
4.23520
4.25774
4.28032
4.30292
4.32556
4.34829
4.37115
4.39420
4.41749
4.44110
4.46509
4.48953
4.51448
4.54000
4.56615
4.59298
4.62051
4.64862
4.67715
4.70596
4.73486
4.76353
4.79163
4.81881
4.84473
4.86913
4.89176
4.91234
4.93066
4.94660
4.96009
4.97103
4.97937
4.98513
4.98838
4.98916
4.98754
4.98367
4.97773
4.96988
4.96030
4.94924
4.93697
4.92373
4.90979
4.89537
4.88067
4.86591
4.85127
4.83680
4.82255
4.80854
4.79481
4.78137
4.76828
4.75555
4.74322
4.73138
4.72009
4.70943
4.69947
4.69019
4.68156
4.67356
4.66615
4.65926
4.65285
4.64683
4.64114
4.63578
4.63073
4.62598
4.62150
4.61727
4.61325
4.60941
4.60567
4.60196
4.59814
4.59410
4.58972
4.58487
4.57945
4.57331
4.56637
4.55852
4.54970
4.53984
4.52887
4.51674
4.50342
4.48885
4.47300
4.45584
4.43731
4.41739
4.39606
4.37346
4.34972
4.32500
4.29950
4.27358
4.24763
4.22205
4.19724
4.17355
4.15136
4.13101
4.11284
4.09698
4.08354
4.07261
4.06429
4.05860
4.05555
4.05514
4.05738
4.06226
4.06978
4.07994
4.09270
4.10786
4.12519
4.14447
4.16543
4.18772
4.21093
4.23470
4.25863
4.28247
4.30595
4.32882
4.35087
4.37200
4.39215
4.41127
4.42930
4.44621
4.46198
4.47658
4.49001
4.50234
4.51368
4.52412
4.53376
4.54272
4.55111
4.55904
4.56662
4.57388
4.58081
4.58743
4.59374
4.59970
4.60525
4.61034
4.61493
4.61899
4.62249
4.62540
4.62773
4.62958
4.63111
4.63245
4.63375
4.63516
4.63684
4.63894
4.64160
4.64486
4.64874
4.65325
4.65841
4.66418
4.67054
4.67746
4.68489
4.69280
4.70115
4.70989
4.71900
4.72842
4.73812
4.74804
4.75815
4.76838
4.77867
4.78896
4.79920
4.80938
4.81950
4.82956
4.83955
4.84946
4.85929
4.86901
4.87857
4.88782
4.89656
4.90459
4.91173
4.91787
4.92292
4.92678
4.92940
4.93082
4.93112
4.93037
4.92865
4.92602
4.92255
4.91827
4.91326
4.90751
4.90102
4.89378
4.88580
4.87710
4.86771
4.85765
4.84698
4.83585
4.82441
4.81284
4.80132
4.79001
4.77910
4.76876
4.75918
4.75046
4.74274
4.73612
4.73073
4.72674
4.72430
4.72361
4.72484
4.72827
4.73417
4.74284
4.75454
4.76942
4.78762
4.80927
4.83445
4.86295
4.89454
4.92894
4.96587
5.00493
5.04570
5.08775
5.13065
5.17403
5.21755
5.26082
5.30352
5.34533
5.38597
5.42515
5.46260
5.49808
5.53137
5.56227
5.59055
5.61613
5.63892
5.65884
5.67583
5.68989
5.70104
5.70930
5.71471
5.71739
5.71747
5.71509
5.71039
5.70352
5.69464
5.68389
5.67142
5.65732
5.64164
5.62448
5.60589
5.58593
5.56465
5.54212
5.51837
5.49341
5.46725
5.43989
5.41131
5.38138
5.34995
5.31686
5.28197
5.24511
5.20616
5.16496
5.12139
5.07544
5.02709
4.97636
4.92328
4.86804
4.81085
4.75194
4.69155
4.62994
4.56742
4.50426
4.44078
4.37727
4.31405
4.25143
4.18972
4.12926
4.07037
4.01338
3.95859
3.90617
3.85625
3.80897
3.76443
3.72261
3.68344
3.64686
3.61277
3.58099
3.55129
3.52344
3.49726
3.47260
3.44935
3.42737
3.40656
3.38686
3.36823
3.35062
3.33399
3.31832
3.30357
3.28972
3.27673
3.26454
3.25305
3.24220
3.23189
3.22206
3.21260
3.20346
3.19455
3.18586
3.17740
3.16918
3.16119
3.15350
3.14616
3.13923
3.13277
3.12687
3.12160
3.11707
3.11334
3.11041
3.10828
3.10691
3.10628
3.10621
3.10651
3.10695
3.10733
3.10731
3.10654
3.10465
3.10130
3.09615
3.08886
3.07909
3.06653
3.05085
3.03179
3.00904
2.98234
2.95155
2.91657
2.87727
2.83358
2.78547
2.73296
2.67604
2.61472
2.54908
2.47917
2.40509
2.32691
2.24485
2.15911
2.06991
1.97750
1.88217
1.78424
1.68403
1.58187
1.47822
1.37353
1.26828
1.16291
1.05783
0.95341
0.85004
0.74803
0.64739
0.54805
0.44995
0.35295
0.25677
0.16104
0.06543
-0.03041
-0.12665
-0.22347
-0.32104
-0.41949
-0.51888
-0.61921
-0.72052
-0.82281
-0.92608
-1.03031
-1.13548
-1.24159
-1.34859
-1.45645
-1.56514
-1.67463
-1.78486
-1.89579
-2.00739
-2.11960
-2.23237
-2.34565
-2.45939
-2.57354
-2.68810
-2.80305
-2.91840
-3.03415
-3.15025
-3.26669
-3.38344
-3.50045
-3.61771
-3.73518
-3.85283
-3.97062
-4.08853
-4.20655
-4.32465
-4.44283
-4.56113
-4.67961
-4.79835
-4.91743
-5.03712
-5.15774
-5.27957
-5.40291
-5.52795
-5.65487
-5.78385
-5.91502
-6.04837
-6.18384
-6.32138
-6.46086
-6.60186
-6.74388
-6.88643
-7.02897
-7.17083
-7.31127
-7.44959
-7.58504
-7.71692
-7.84448
-7.96700
-8.08376
-8.19408
-8.29726
-8.39265
-8.47963
-8.55783
-8.62698
-8.68677
-8.73694
-8.77736
-8.80790
-8.82844
-8.83896
-8.83973
-8.83112
-8.81347
-8.78724
-8.75321
-8.71226
-8.66526
-8.61308
-8.55661
-8.49673
-8.43433
-8.37027
-8.30524
-8.23993
-8.17500
-8.11111
-8.04885
-7.98878
-7.93145
-7.87741
-7.82707
-7.78086
-7.73917
-7.70241
-7.67099
-7.64532
-7.62581
-7.61285
-7.60673
-7.60768
-7.61597
-7.63182
-7.65524
-7.68623
-7.72479
-7.77080
-7.82377
-7.88312
-7.94825
-8.01856
-8.09334
-8.17189
-8.25349
-8.33730
-8.42213
-8.50666
-8.58956
-8.66946
-8.74466
-8.81340
-8.87391
-8.92474
-8.96571
-8.99693
-9.01852
-9.03079
-9.03470
-9.03140
-9.02204
-9.00774
-8.98957
-8.96856
-8.94574
-8.92208
-8.89819
-8.87461
-8.85186
-8.83040
-8.81043
-8.79207
-8.77543
-8.76059
-8.74740
-8.73567
-8.72521
-8.71576
-8.70689
-8.69808
-8.68886
-8.67871
-8.66718
-8.65381
-8.63814
-8.61977
-8.59851
-8.57423
-8.54681
-8.51614
-8.48220
-8.44497
-8.40447
-8.36071
-8.31389
-8.26423
-8.21196
-8.15735
-8.10084
-8.04293
-7.98411
-7.92487
-7.86572
-7.80719
-7.74978
-7.69395
-7.63991
-7.58780
-7.53779
-7.48996
-7.44419
-7.40032
-7.35818
-7.31759
-7.27837
-7.24034
-7.20332
-7.16712
-7.13149
-7.09620
-7.06102
-7.02567
-6.98982
-6.95309
-6.91513
-6.87561
-6.83445
-6.79161
-6.74705
-6.70082
-6.65328
-6.60486
-6.55601
-6.50716
-6.45874
-6.41118
-6.36491
-6.32035
-6.27793
-6.23810
-6.20128
-6.16785
-6.13793
-6.11158
-6.08887
-6.06980
-6.05415
-6.04166
-6.03205
-6.02503
-6.02011
-6.01681
-6.01460
-6.01291
-6.01084
-6.00741
-6.00164
-5.99255
-5.97904
-5.96003
-5.93441
-5.90116
-5.85950
-5.80876
-5.74825
-5.67736
-5.59582
-5.50346
-5.40008
-5.28568
-5.16088
-5.02650
-4.88334
-4.73220
-4.57386
-4.40909
-4.23866
-4.06326
-3.88327
-3.69898
-3.51070
-3.31873
-3.12340
-2.92508
-2.72409
-2.52079
-2.31554
-2.10867
-1.90054
-1.69149
-1.48185
-1.27195
-1.06211
-0.85265
-0.64380
-0.43578
-0.22881
-0.02311
0.18119
0.38395
0.58505
0.78436
0.98180
1.17728
1.37070
1.56201
1.75112
1.93799
2.12256
2.30476
2.48448
2.66160
2.83600
3.00753
3.17603
3.34131
3.50316
3.66139
3.81573
3.96591
4.11163
4.25262
4.38856
4.51916
4.64408
4.76304
4.87574
4.98193
5.08132
5.17365
5.25861
5.33589
5.40521
5.46627
5.51898
5.56325
5.59900
5.62616
5.64470
5.65460
5.65583
5.64844
5.63271
5.60897
5.57758
5.53888
5.49336
5.44149
5.38378
5.32071
5.25280
5.18054
5.10446
5.02508
4.94303
4.85894
4.77348
4.68736
4.60169
4.51764
4.43639
4.35894
4.28550
4.21609
4.15074
4.08930
4.03091
3.97453
3.91913
3.86373
3.80760
3.75008
3.69049
3.62818
3.56252
3.49292
3.41878
3.33950
3.25460
3.16359
3.06600
2.96139
2.84944
2.72986
2.60238
2.46674
2.32287
2.17075
2.01036
1.84168
1.66487
1.48009
1.28752
1.08735
0.87983
0.66524
0.44387
0.21604
-0.01777
-0.25701
-0.50115
-0.74964
-1.00191
-1.25735
-1.51539
-1.77516
-2.03479
-2.29212
-2.54501
-2.79139
-3.02952
-3.25775
-3.47443
-3.67815
-3.86863
-4.04582
-4.20969
-4.36020
-4.49722
-4.62059
-4.73016
-4.82594
-4.90845
-4.97837
-5.03637
-5.08310
-5.11919
-5.14523
-5.16183
-5.16958
-5.16898
-5.16052
-5.14467
-5.12193
-5.09280
-5.05777
-5.01735
-4.97208
-4.92266
-4.86981
-4.81428
-4.75675
-4.69781
-4.63798
-4.57783
-4.51786
-4.45855
-4.40036
-4.34376
-4.28917
-4.23696
-4.18748
-4.14108
-4.09807
-4.05866
-4.02305
-3.99142
-3.96392
-3.94058
-3.92138
-3.90629
-3.89526
-3.88805
-3.88437
-3.88392
-3.88642
-3.89150
-3.89881
-3.90799
-3.91866
-3.93039
-3.94273
-3.95525
-3.96751
-3.97911
-3.98964
-3.99871
-4.00593
-4.01102
-4.01370
-4.01368
-4.01070
-4.00457
-3.99508
-3.98204
-3.96527
-3.94460
-3.91987
-3.89093
-3.85766
-3.82005
-3.77810
-3.73186
-3.68135
-3.62669
-3.56798
-3.50536
-3.43897
-3.36899
-3.29564
-3.21913
-3.13967
-3.05751
-2.97289
-2.88605
-2.79727
-2.70688
-2.61527
-2.52281
-2.42989
-2.33689
-2.24422
-2.15229
-2.06149
-1.97215
-1.88458
-1.79910
-1.71601
-1.63562
-1.55822
-1.48411
-1.41353
-1.34664
-1.28355
-1.22435
-1.16914
-1.11795
-1.07077
-1.02761
-0.98847
-0.95332
-0.92211
-0.89481
-0.87135
-0.85159
-0.83538
-0.82256
-0.81292
-0.80619
-0.80205
-0.80018
-0.80028
-0.80211
-0.80548
-0.81017
-0.81600
-0.82295
-0.83102
-0.84022
-0.85056
-0.86207
-0.87478
-0.88875
-0.90397
-0.92034
-0.93774
-0.95604
-0.97509
-0.99472
-1.01474
-1.03495
-1.05519
-1.07536
-1.09536
-1.11513
-1.13457
-1.15354
-1.17189
-1.18948
-1.20616
-1.22177
-1.23614
-1.24910
-1.26050
-1.27010
-1.27767
-1.28299
-1.28582
-1.28585
-1.28275
-1.27622
-1.26595
-1.25170
-1.23323
-1.21033
-1.18278
-1.15050
-1.11342
-1.07148
-1.02462
-0.97276
-0.91584
-0.85379
-0.78654
-0.71402
-0.63616
-0.55290
-0.46418
-0.37009
-0.27071
-0.16616
-0.05658
0.05768
0.17624
0.29870
0.42467
0.55372
0.68545
0.81942
0.95524
1.09257
1.23109
1.37046
1.51039
1.65061
1.79090
1.93102
2.07073
2.20983
2.34811
2.48539
2.62143
2.75595
2.88864
3.01919
3.14730
3.27266
3.39497
3.51393
3.62923
3.74061
3.84778
3.95047
4.04842
4.14141
4.22921
4.31160
4.38839
4.45943
4.52459
4.58372
4.63672
4.68348
4.72392
4.75794
4.78546
4.80641
4.82070
4.82827
4.82905
4.82299
4.81007
4.79024
4.76349
4.72980
4.68917
4.64160
4.58707
4.52563
4.45730
4.38211
4.30011
4.21136
4.11591
4.01384
3.90523
3.79026
3.66912
3.54202
3.40918
3.27102
3.12795
2.98043
2.82889
2.67387
2.51591
2.35555
2.19340
2.03019
1.86673
1.70383
1.54217
1.38213
1.22396
1.06791
0.91415
0.76239
0.61225
0.46334
0.31530
0.16792
0.02101
-0.12562
-0.27213
-0.41862
-0.56517
-0.71186
-0.85871
-1.00556
-1.15217
-1.29833
-1.44379
-1.58820
-1.73119
-1.87237
-2.01139
-2.14788
-2.28150
-2.41188
-2.53872
-2.66188
-2.78128
-2.89684
-3.00855
-3.11666
-3.22154
-3.32351
-3.42293
-3.52014
-3.61547
-3.70927
-3.80186
-3.89349
-3.98440
-4.07483
-4.16496
-4.25483
-4.34441
-4.43368
-4.52257
-4.61084
-4.69817
-4.78426
-4.86880
-4.95149
-5.03205
-5.11017
-5.18558
-5.25811
-5.32762
-5.39397
-5.45704
-5.51679
-5.57320
-5.62625
-5.67592
-5.72224
-5.76523
-5.80489
-5.84127
-5.87449
-5.90468
-5.93197
-5.95651
-5.97847
-5.99803
-6.01537
-6.03066
-6.04396
-6.05533
-6.06482
-6.07248
-6.07832
-6.08235
-6.08456
-6.08498
-6.08360
-6.08045
-6.07552
-6.06882
-6.06028
-6.04982
-6.03737
-6.02284
-6.00614
-5.98718
-5.96585
-5.94208
-5.91584
-5.88712
-5.85591
-5.82223
-5.78621
-5.74803
-5.70782
-5.66578
-5.62214
-5.57716
-5.53110
-5.48421
-5.43674
-5.38892
-5.34100
-5.29322
-5.24582
-5.19901
-5.15304
-5.10809
-5.06429
-5.02170
-4.98041
-4.94049
-4.90199
-4.86496
-4.82944
-4.79547
-4.76310
-4.73235
-4.70328
-4.67591
-4.65031
-4.62653
-4.60464
-4.58468
-4.56671
-4.55078
-4.53693
-4.52521
-4.51564
-4.50822
-4.50296
-4.49985
-4.49884
-4.49988
-4.50290
-4.50781
-4.51437
-4.52234
-4.53146
-4.54146
-4.55203
-4.56286
-4.57362
-4.58401
-4.59374
-4.60253
-4.61010
-4.61620
-4.62064
-4.62326
-4.62392
-4.62248
-4.61893
-4.61329
-4.60557
-4.59583
-4.58422
-4.57092
-4.55611
-4.54000
-4.52285
-4.50492
-4.48651
-4.46786
-4.44923
-4.43084
-4.41292
-4.39567
-4.37920
-4.36359
-4.34893
-4.33525
-4.32251
-4.31059
-4.29941
-4.28886
-4.27873
-4.26884
-4.25897
-4.24891
-4.23853
-4.22765
-4.21613
-4.20384
-4.19069
-4.17663
-4.16158
-4.14549
-4.12832
-4.11002
-4.09057
-4.06991
-4.04804
-4.02493
-4.00058
-3.97495
-3.94806
-3.91989
-3.89044
-3.85970
-3.82770
-3.79442
-3.75989
-3.72412
-3.68711
-3.64888
-3.60944
-3.56880
-3.52695
-3.48389
-3.43960
-3.39406
-3.34722
-3.29901
-3.24935
-3.19818
-3.14534
-3.09067
-3.03400
-2.97516
-2.91405
-2.85052
-2.78447
-2.71579
-2.64443
-2.57034
-2.49351
-2.41392
-2.33174
-2.24716
-2.16039
-2.07163
-1.98116
-1.88928
-1.79628
-1.70246
-1.60807
-1.51337
-1.41861
-1.32406
-1.22993
-1.13646
-1.04386
-0.95234
-0.86207
-0.77316
-0.68575
-0.59999
-0.51598
-0.43383
-0.35364
-0.27551
-0.19951
-0.12567
-0.05404
0.01535
0.08253
0.14756
0.21048
0.27140
0.33055
0.38821
0.44466
0.50019
0.55509
0.60967
0.66424
0.71908
0.77447
0.83070
0.88803
0.94670
1.00680
1.06839
1.13153
1.19620
1.26210
1.32887
1.39614
1.46352
1.53062
1.59702
1.66231
1.72609
1.78805
1.84790
1.90534
1.96009
2.01192
2.06062
2.10596
2.14774
2.18586
2.22020
2.25067
2.27716
2.29963
2.31803
2.33231
2.34243
2.34842
2.35031
2.34813
2.34194
2.33189
2.31818
2.30098
2.28051
2.25705
2.23092
2.20243
2.17191
2.13968
2.10611
2.07154
2.03631
2.00075
1.96520
1.92999
1.89542
1.86172
1.82910
1.79778
1.76794
1.73960
1.71277
1.68746
1.66364
1.64121
1.62001
1.59992
1.58079
1.56251
1.54496
1.52804
1.51164
1.49569
1.48016
1.46499
1.45013
1.43546
1.42086
1.40621
1.39138
1.37623
1.36062
1.34441
1.32747
1.30970
1.29104
1.27142
1.25077
1.22905
1.20623
1.18226
1.15713
1.13089
1.10360
1.07534
1.04618
1.01627
0.98575
0.95477
0.92351
0.89219
0.86106
0.83035
0.80032
0.77122
0.74331
0.71687
0.69211
0.66916
0.64810
0.62900
0.61192
0.59677
0.58344
0.57179
0.56169
0.55287
0.54504
0.53791
0.53119
0.52462
0.51796
0.51096
0.50338
0.49509
0.48598
0.47595
0.46490
0.45278
0.43958
0.42527
0.40983
0.39330
0.37571
0.35712
0.33757
0.31714
0.29592
0.27401
0.25147
0.22842
0.20492
0.18106
0.15693
0.13257
0.10802
0.08332
0.05849
0.03354
0.00846
-0.01673
-0.04206
-0.06755
-0.09321
-0.11908
-0.14519
-0.17154
-0.19816
-0.22507
-0.25227
-0.27977
-0.30757
-0.33567
-0.36404
-0.39264
-0.42140
-0.45026
-0.47913
-0.50790
-0.53643
-0.56459
-0.59224
-0.61921
-0.64534
-0.67047
-0.69442
-0.71697
-0.73789
-0.75697
-0.77396
-0.78865
-0.80080
-0.81020
-0.81664
-0.81997
-0.82008
-0.81686
-0.81020
-0.80004
-0.78635
-0.76911
-0.74827
-0.72384
-0.69582
-0.66423
-0.62908
-0.59039
-0.54819
-0.50250
-0.45336
-0.40084
-0.34501
-0.28595
-0.22374
-0.15854
-0.09053
-0.01986
0.05329
0.12876
0.20640
0.28603
0.36752
0.45077
0.53572
0.62229
0.71041
0.79999
0.89097
0.98327
1.07679
1.17141
1.26697
1.36331
1.46029
1.55780
1.65569
1.75385
1.85217
1.95051
2.04877
2.14683
2.24456
2.34183
2.43849
2.53439
2.62941
2.72343
2.81637
2.90811
2.99858
3.08765
3.17521
3.26115
3.34537
3.42772
3.50807
3.58629
3.66225
3.73584
3.80692
3.87538
3.94112
4.00402
4.06399
4.12093
4.17475
4.22536
4.27268
4.31664
4.35716
4.39417
4.42763
4.45746
4.48363
4.50611
4.52491
4.54002
4.55144
4.55923
4.56345
4.56416
4.56144
4.55539
4.54617
4.53388
4.51866
4.50066
4.48000
4.45683
4.43127
4.40347
4.37354
4.34161
4.30779
4.27217
4.23482
4.19582
4.15523
4.11315
4.06967
4.02488
3.97887
3.93180
3.88380
3.83505
3.78568
3.73585
3.68571
3.63541
3.58509
3.53485
3.48480
3.43504
3.38566
3.33673
3.28834
3.24054
3.19343
3.14709
3.10163
3.05716
3.01381
2.97173
2.93113
2.89219
2.85509
2.82006
2.78730
2.75704
2.72949
2.70487
2.68338
2.66526
2.65070
2.63984
2.63281
2.62975
2.63075
2.63584
2.64500
2.65822
2.67546
2.69652
2.72114
2.74909
2.78008
2.81372
2.84955
2.88715
2.92607
2.96595
3.00640
3.04707
3.08759
3.12767
3.16706
3.20547
3.24265
3.27845
3.31274
3.34538
3.37627
3.40531
3.43246
3.45763
3.48079
3.50200
3.52133
3.53888
3.55474
3.56916
3.58242
3.59480
3.60657
3.61805
3.62953
3.64135
3.65379
3.66707
3.68142
3.69703
3.71407
3.73259
3.75257
3.77402
3.79691
3.82106
3.84629
3.87240
3.89918
3.92636
3.95364
3.98074
4.00739
4.03333
4.05834
4.08217
4.10460
4.12548
4.14464
4.16195
4.17726
4.19051
4.20165
4.21062
4.21738
4.22188
4.22409
4.22399
4.22157
4.21693
4.21021
4.20153
4.19105
4.17898
4.16556
4.15101
4.13557
4.11949
4.10299
4.08632
4.06972
4.05338
4.03749
4.02226
4.00786
3.99437
3.98187
3.97041
3.96003
3.95070
3.94233
3.93486
3.92819
3.92221
3.91679
3.91180
3.90711
3.90265
3.89837
3.89421
3.89010
3.88600
3.88186
3.87764
3.87328
3.86877
3.86408
3.85918
3.85407
3.84870
3.84304
3.83707
3.83075
3.82406
3.81696
3.80942
3.80141
3.79290
3.78386
3.77424
3.76402
3.75319
3.74171
3.72959
3.71681
3.70338
3.68936
3.67478
3.65966
3.64405
3.62801
3.61156
3.59476
3.57763
3.56020
3.54249
3.52452
3.50632
3.48789
3.46926
3.45043
3.43142
3.41224
3.39290
3.37341
3.35375
3.33390
3.31385
3.29356
3.27301
3.25212
3.23085
3.20914
3.18693
3.16417
3.14077
3.11669
3.09190
3.06636
3.04005
3.01294
2.98505
2.95641
2.92703
2.89695
2.86628
2.83512
2.80358
2.77180
2.73994
2.70818
2.67669
2.64567
2.61532
2.58587
2.55752
2.53049
2.50498
2.48119
2.45931
2.43952
2.42192
2.40659
2.39361
2.38302
2.37477
2.36877
2.36493
2.36314
2.36315
2.36470
2.36752
2.37135
2.37592
2.38095
2.38617
2.39132
2.39617
2.40050
2.40408
2.40670
2.40825
2.40859
2.40764
2.40528
2.40148
2.39620
2.38942
2.38111
2.37125
2.35983
2.34682
2.33223
2.31605
2.29831
2.27903
2.25823
2.23591
2.21210
2.18681
2.16006
2.13183
2.10212
2.07090
2.03818
2.00390
1.96803
1.93054
1.89137
1.85052
1.80793
1.76359
1.71746
1.66957
1.61990
1.56849
1.51534
1.46053
1.40411
1.34617
1.28678
1.22604
1.16409
1.10104
1.03700
0.97211
0.90652
0.84037
0.77378
0.70691
0.63987
0.57280
0.50583
0.43904
0.37250
0.30631
0.24055
0.17527
0.11057
0.04650
-0.01684
-0.07938
-0.14101
-0.20164
-0.26118
-0.31953
-0.37660
-0.43230
-0.48654
-0.53924
-0.59032
-0.63971
-0.68733
-0.73310
-0.77693
-0.81875
-0.85847
-0.89603
-0.93138
-0.96446
-0.99521
-1.02361
-1.04963
-1.07324
-1.09442
-1.11323
-1.12974
-1.14400
-1.15612
-1.16624
-1.17455
-1.18125
-1.18649
-1.19040
-1.19307
-1.19459
-1.19506
-1.19450
-1.19294
-1.19041
-1.18693
-1.18249
-1.17709
-1.17072
-1.16336
-1.15494
-1.14542
-1.13472
-1.12277
-1.10952
-1.09489
-1.07882
-1.06127
-1.04221
-1.02167
-0.99963
-0.97615
-0.95132
-0.92529
-0.89821
-0.87022
-0.84150
-0.81223
-0.78262
-0.75285
-0.72309
-0.69351
-0.66429
-0.63560
-0.60756
-0.58030
-0.55396
-0.52864
-0.50443
-0.48137
-0.45954
-0.43898
-0.41970
-0.40173
-0.38505
-0.36968
-0.35557
-0.34264
-0.33085
-0.32014
-0.31044
-0.30169
-0.29383
-0.28682
-0.28064
-0.27528
-0.27075
-0.26705
-0.26424
-0.26237
-0.26151
-0.26173
-0.26314
-0.26585
-0.26999
-0.27566
-0.28296
-0.29199
-0.30283
-0.31558
-0.33027
-0.34694
-0.36563
-0.38637
-0.40915
-0.43399
-0.46088
-0.48980
-0.52065
-0.55327
-0.58755
-0.62330
-0.66030
-0.69828
-0.73696
-0.77607
-0.81532
-0.85438
-0.89296
-0.93074
-0.96740
-1.00261
-1.03607
-1.06746
-1.09646
-1.12277
-1.14609
-1.16613
-1.18271
-1.19563
-1.20473
-1.20987
-1.21099
-1.20808
-1.20112
-1.19012
-1.17516
-1.15634
-1.13376
-1.10755
-1.07787
-1.04491
-1.00886
-0.96990
-0.92820
-0.88393
-0.83727
-0.78837
-0.73741
-0.68455
-0.62994
-0.57374
-0.51611
-0.45719
-0.39711
-0.33603
-0.27407
-0.21136
-0.14803
-0.08423
-0.02009
0.04424
0.10860
0.17288
0.23694
0.30069
0.36401
0.42683
0.48908
0.55072
0.61172
0.67203
0.73168
0.79067
0.84902
0.90675
0.96391
1.02059
1.07683
1.13271
1.18830
1.24370
1.29896
1.35416
1.40934
1.46453
1.51976
1.57506
1.63043
1.68588
1.74141
1.79700
1.85262
1.90821
1.96369
2.01901
2.07406
2.12871
2.18284
2.23634
2.28915
2.34119
2.39240
2.44273
2.49213
2.54057
2.58801
2.63443
2.67980
2.72412
2.76737
2.80955
2.85063
2.89063
2.92951
2.96728
3.00392
3.03942
3.07376
3.10694
3.13894
3.16977
3.19944
3.22793
3.25528
3.28152
3.30666
3.33075
3.35384
3.37597
3.39721
3.41762
3.43723
3.45611
3.47429
3.49182
3.50873
3.52502
3.54071
3.55581
3.57029
3.58414
3.59731
3.60978
3.62150
3.63242
3.64250
3.65169
3.65995
3.66724
3.67352
3.67876
3.68295
3.68606
3.68808
3.68901
3.68887
3.68769
3.68549
3.68233
3.67826
3.67337
3.66771
3.66137
3.65443
3.64698
3.63909
3.63085
3.62232
3.61353
3.60456
3.59543
3.58618
3.57682
3.56738
3.55786
3.54824
3.53849
3.52858
3.51847
3.50812
3.49748
3.48648
3.47509
3.46324
3.45088
3.43796
3.42443
3.41022
3.39529
3.37959
3.36307
3.34566
3.32731
3.30795
3.28752
3.26598
3.24328
3.21937
3.19421
3.16780
3.14014
3.11123
3.08110
3.04981
3.01744
2.98405
2.94974
2.91464
2.87889
2.84263
2.80601
2.76920
2.73235
2.69565
2.65924
2.62327
2.58786
2.55316
2.51927
2.48625
2.45416
2.42303
2.39289
2.36375
2.33559
2.30840
2.28214
2.25676
2.23219
2.20836
2.18519
2.16260
2.14048
2.11874
2.09728
2.07598
2.05474
2.03342
2.01190
1.99008
1.96785
1.94508
1.92169
1.89759
1.87272
1.84703
1.82045
1.79295
1.76449
1.73506
1.70462
1.67314
1.64063
1.60705
1.57239
1.53663
1.49975
1.46171
1.42251
1.38212
1.34053
1.29772
1.25370
1.20844
1.16196
1.11426
1.06534
1.01527
0.96414
0.91202
0.85900
0.80520
0.75076
0.69580
0.64045
0.58479
0.52892
0.47290
0.41683
0.36076
0.30476
0.24887
0.19316
0.13769
0.08251
0.02766
-0.02678
-0.08078
-0.13429
-0.18725
-0.23964
-0.29140
-0.34250
-0.39290
-0.44258
-0.49150
-0.53967
-0.58705
-0.63366
-0.67949
-0.72459
-0.76896
-0.81265
-0.85570
-0.89818
-0.94015
-0.98167
-1.02283
-1.06370
-1.10436
-1.14489
-1.18534
-1.22578
-1.26625
-1.30681
-1.34748
-1.38825
-1.42914
-1.47015
-1.51126
-1.55244
-1.59367
-1.63492
-1.67616
-1.71736
-1.75849
-1.79952
-1.84042
-1.88116
-1.92172
-1.96207
-2.00219
-2.04207
-2.08168
-2.12103
-2.16010
-2.19891
-2.23745
-2.27573
-2.31377
-2.35158
-2.38918
-2.42658
-2.46378
-2.50080
-2.53764
-2.57430
-2.61074
-2.64695
-2.68289
-2.71853
-2.75382
-2.78869
-2.82310
-2.85699
-2.89030
-2.92299
-2.95498
-2.98624
-3.01674
-3.04644
-3.07533
-3.10339
-3.13064
-3.15711
-3.18283
-3.20782
-3.23215
-3.25587
-3.27906
-3.30176
-3.32407
-3.34605
-3.36779
-3.38935
-3.41078
-3.43212
-3.45341
-3.47469
-3.49598
-3.51732
-3.53874
-3.56027
-3.58192
-3.60373
-3.62572
-3.64791
-3.67029
-3.69287
-3.71562
-3.73855
-3.76161
-3.78477
-3.80801
-3.83129
-3.85456
-3.87780
-3.90094
-3.92395
-3.94680
-3.96946
-3.99187
-4.01403
-4.03588
-4.05742
-4.07861
-4.09942
-4.11981
-4.13972
-4.15911
-4.17793
-4.19611
-4.21358
-4.23028
-4.24615
-4.26113
-4.27520
-4.28831
-4.30045
-4.31163
-4.32185
-4.33113
-4.33951
-4.34701
-4.35370
-4.35962
-4.36483
-4.36940
-4.37340
-4.37691
-4.38000
-4.38277
-4.38530
-4.38768
-4.38998
-4.39229
-4.39467
-4.39717
-4.39986
-4.40276
-4.40592
-4.40934
-4.41305
-4.41704
-4.42130
-4.42582
-4.43057
-4.43553
-4.44066
-4.44592
-4.45127
-4.45662
-4.46187
-4.46694
-4.47171
-4.47608
-4.47994
-4.48317
-4.48567
-4.48737
-4.48819
-4.48805
-4.48690
-4.48469
-4.48141
-4.47700
-4.47147
-4.46481
-4.45705
-4.44821
-4.43830
-4.42738
-4.41547
-4.40261
-4.38884
-4.37419
-4.35870
-4.34241
-4.32536
-4.30757
-4.28908
-4.26992
-4.25014
-4.22976
-4.20881
-4.18732
-4.16532
-4.14283
-4.11987
-4.09646
-4.07264
-4.04842
-4.02384
-3.99893
-3.97372
-3.94823
-3.92250
-3.89657
-3.87047
-3.84421
-3.81780
-3.79126
-3.76460
-3.73781
-3.71090
-3.68385
-3.65667
-3.62935
-3.60188
-3.57425
-3.54645
-3.51848
-3.49034
-3.46203
-3.43356
-3.40490
-3.37605
-3.34700
-3.31772
-3.28819
-3.25839
-3.22828
-3.19785
-3.16707
-3.13593
-3.10440
-3.07247
-3.04013
-3.00735
-2.97414
-2.94046
-2.90635
-2.87181
-2.83686
-2.80151
-2.76582
-2.72980
-2.69350
-2.65695
-2.62021
-2.58333
-2.54635
-2.50934
-2.47235
-2.43545
-2.39872
-2.36221
-2.32600
-2.29015
-2.25471
-2.21975
-2.18533
-2.15150
-2.11831
-2.08582
-2.05406
-2.02307
-1.99291
-1.96360
-1.93516
-1.90762
-1.88097
-1.85523
-1.83039
-1.80642
-1.78331
-1.76104
-1.73957
-1.71886
-1.69886
-1.67953
-1.66082
-1.64265
-1.62497
-1.60771
-1.59082
-1.57424
-1.55789
-1.54172
-1.52568
-1.50973
-1.49381
-1.47790
-1.46197
-1.44602
-1.43002
-1.41397
-1.39787
-1.38174
-1.36558
-1.34939
-1.33320
-1.31700
-1.30081
-1.28463
-1.26847
-1.25231
-1.23616
-1.22000
-1.20384
-1.18767
-1.17148
-1.15528
-1.13909
-1.12292
-1.10681
-1.09078
-1.07486
-1.05909
-1.04352
-1.02819
-1.01314
-0.99845
-0.98415
-0.97031
-0.95699
-0.94425
-0.93213
-0.92070
-0.91001
-0.90011
-0.89105
-0.88288
-0.87565
-0.86940
-0.86417
-0.86001
-0.85695
-0.85504
-0.85431
-0.85481
-0.85655
-0.85956
-0.86387
-0.86950
-0.87645
-0.88472
-0.89428
-0.90513
-0.91723
-0.93056
-0.94506
-0.96071
-0.97746
-0.99526
-1.01407
-1.03384
-1.05451
-1.07606
-1.09842
-1.12156
-1.14541
-1.16993
-1.19505
-1.22071
-1.24686
-1.27342
-1.30034
-1.32756
-1.35501
-1.38264
-1.41040
-1.43823
-1.46610
-1.49396
-1.52177
-1.54949
-1.57710
-1.60457
-1.63189
-1.65901
-1.68593
-1.71263
-1.73910
-1.76532
-1.79129
-1.81700
-1.84244
-1.86761
-1.89249
-1.91708
-1.94137
-1.96535
-1.98899
-2.01227
-2.03516
-2.05763
-2.07961
-2.10103
-2.12183
-2.14194
-2.16126
-2.17972
-2.19723
-2.21370
-2.22906
-2.24325
-2.25620
-2.26785
-2.27816
-2.28710
-2.29463
-2.30073
-2.30542
-2.30871
-2.31063
-2.31120
-2.31048
-2.30853
-2.30541
-2.30119
-2.29593
-2.28971
-2.28258
-2.27462
-2.26586
-2.25635
-2.24614
-2.23526
-2.22375
-2.21162
-2.19889
-2.18558
-2.17171
-2.15729
-2.14235
-2.12689
-2.11094
-2.09452
-2.07763
-2.06032
-2.04260
-2.02450
-2.00607
-1.98733
-1.96834
-1.94916
-1.92983
-1.91042
-1.89099
-1.87158
-1.85225
-1.83308
-1.81411
-1.79541
-1.77705
-1.75909
-1.74160
-1.72465
-1.70830
-1.69263
-1.67768
-1.66349
-1.65013
-1.63761
-1.62596
-1.61516
-1.60524
-1.59617
-1.58791
-1.58040
-1.57359
-1.56742
-1.56181
-1.55668
-1.55196
-1.54757
-1.54343
-1.53946
-1.53558
-1.53174
-1.52786
-1.52391
-1.51982
-1.51556
-1.51112
-1.50653
-1.50178
-1.49689
-1.49192
-1.48691
-1.48191
-1.47699
-1.47218
-1.46755
-1.46314
-1.45900
-1.45518
-1.45169
-1.44858
-1.44586
-1.44354
-1.44160
-1.44003
-1.43882
-1.43791
-1.43725
-1.43677
-1.43643
-1.43613
-1.43580
-1.43535
-1.43471
-1.43380
-1.43257
-1.43097
-1.42892
-1.42641
-1.42341
-1.41991
-1.41587
-1.41130
-1.40620
-1.40058
-1.39445
-1.38782
-1.38071
-1.37315
-1.36516
-1.35675
-1.34794
-1.33874
-1.32917
-1.31923
-1.30894
-1.29829
-1.28728
-1.27591
-1.26416
-1.25203
-1.23948
-1.22650
-1.21307
-1.19915
-1.18472
-1.16976
-1.15425
-1.13817
-1.12151
-1.10425
-1.08640
-1.06796
-1.04893
-1.02933
-1.00919
-0.98853
-0.96737
-0.94579
-0.92382
-0.90154
-0.87901
-0.85630
-0.83350
-0.81069
-0.78794
-0.76533
-0.74293
-0.72082
-0.69906
-0.67768
-0.65671
-0.63619
-0.61613
-0.59655
-0.57744
-0.55880
-0.54064
-0.52295
-0.50572
-0.48896
-0.47265
-0.45679
-0.44133
-0.42628
-0.41160
-0.39728
-0.38327
-0.36957
-0.35613
-0.34293
-0.32993
-0.31710
-0.30441
-0.29182
-0.27931
-0.26682
-0.25434
-0.24183
-0.22927
-0.21664
-0.20390
-0.19106
-0.17810
-0.16503
-0.15182
-0.13850
-0.12509
-0.11160
-0.09805
-0.08446
-0.07087
-0.05729
-0.04377
-0.03033
-0.01699
-0.00380
0.00922
0.02207
0.03474
0.04723
0.05954
0.07170
0.08374
0.09570
0.10761
0.11952
0.13147
0.14352
0.15572
0.16811
0.18076
0.19371
0.20701
0.22073
0.23490
0.24958
0.26482
0.28066
0.29712
0.31424
0.33204
0.35052
0.36966
0.38945
0.40987
0.43087
0.45240
0.47441
0.49682
0.51958
0.54260
0.56579
0.58908
0.61236
0.63555
0.65855
0.68124
0.70355
0.72537
0.74659
0.76714
0.78693
0.80591
0.82401
0.84116
0.85735
0.87255
0.88675
0.89992
0.91209
0.92331
0.93359
0.94300
0.95157
0.95937
0.96647
0.97293
0.97880
0.98415
0.98903
0.99351
0.99762
1.00139
1.00483
1.00797
1.01078
1.01325
1.01534
1.01702
1.01824
1.01897
1.01916
1.01878
1.01778
1.01615
1.01387
1.01092
1.00729
1.00298
0.99800
0.99234
0.98602
0.97904
0.97143
0.96318
0.95432
0.94483
0.93472
0.92399
0.91265
0.90069
0.88810
0.87489
0.86107
0.84665
0.83166
0.81612
0.80008
0.78360
0.76675
0.74959
0.73221
0.71472
0.69721
0.67980
0.66257
0.64566
0.62915
0.61316
0.59777
0.58307
0.56912
0.55600
0.54376
0.53246
0.52213
0.51283
0.50453
0.49725
0.49098
0.48569
0.48134
0.47787
0.47523
0.47336
0.47220
0.47167
0.47170
0.47224
0.47323
0.47462
0.47634
0.47835
0.48063
0.48314
0.48585
0.48875
0.49186
0.49519
0.49878
0.50265
0.50685
0.51141
0.51639
0.52183
0.52776
0.53419
0.54116
0.54869
0.55678
0.56545
0.57469
0.58451
0.59489
0.60579
0.61720
0.62908
0.64140
0.65412
0.66721
0.68063
0.69432
0.70825
0.72238
0.73664
0.75100
0.76541
0.77983
0.79421
0.80851
0.82268
0.83669
0.85050
0.86408
0.87742
0.89047
0.90325
0.91572
0.92790
0.93977
0.95134
0.96262
0.97364
0.98441
0.99495
1.00530
1.01550
1.02558
1.03558
1.04553
1.05547
1.06545
1.07550
1.08562
1.09583
1.10613
1.11652
1.12697
1.13741
1.14782
1.15812
1.16825
1.17810
1.18758
1.19660
1.20505
1.21280
1.21974
1.22576
1.23076
1.23466
1.23736
1.23879
1.23888
1.23756
1.23478
1.23047
1.22460
1.21714
1.20804
1.19730
1.18489
1.17083
1.15510
1.13772
1.11874
1.09821
1.07619
1.05275
1.02799
1.00203
0.97499
0.94697
0.91808
0.88840
0.85802
0.82704
0.79550
0.76345
0.73094
0.69802
0.66471
0.63102
0.59700
0.56264
0.52797
0.49300
0.45771
0.42214
0.38626
0.35008
0.31358
0.27677
0.23965
0.20223
0.16452
0.12652
0.08829
0.04985
0.01127
-0.02741
-0.06614
-0.10485
-0.14348
-0.18197
-0.22028
-0.25833
-0.29608
-0.33348
-0.37048
-0.40705
-0.44315
-0.47876
-0.51385
-0.54843
-0.58249
-0.61604
-0.64909
-0.68165
-0.71374
-0.74538
-0.77661
-0.80746
-0.83796
-0.86815
-0.89806
-0.92772
-0.95716
-0.98640
-1.01544
-1.04427
-1.07291
-1.10133
-1.12949
-1.15734
-1.18484
-1.21193
-1.23853
-1.26458
-1.28999
-1.31468
-1.33860
-1.36168
-1.38385
-1.40506
-1.42524
-1.44434
-1.46230
-1.47907
-1.49460
-1.50884
-1.52174
-1.53327
-1.54338
-1.55202
-1.55914
-1.56471
-1.56868
-1.57101
-1.57168
-1.57064
-1.56789
-1.56340
-1.55718
-1.54921
-1.53950
-1.52809
-1.51499
-1.50022
-1.48385
-1.46591
-1.44646
-1.42557
-1.40330
-1.37974
-1.35499
-1.32913
-1.30225
-1.27446
-1.24587
-1.21657
-1.18665
-1.15622
-1.12536
-1.09416
-1.06271
-1.03110
-0.99942
-0.96775
-0.93617
-0.90472
-0.87348
-0.84250
-0.81184
-0.78154
-0.75165
-0.72221
-0.69326
-0.66483
-0.63696
-0.60967
-0.58300
-0.55696
-0.53159
-0.50688
-0.48287
-0.45954
-0.43692
-0.41499
-0.39377
-0.37324
-0.35342
-0.33428
-0.31581
-0.29800
-0.28084
-0.26429
-0.24835
-0.23298
-0.21816
-0.20386
-0.19004
-0.17668
-0.16372
-0.15114
-0.13888
-0.12687
-0.11506
-0.10339
-0.09178
-0.08015
-0.06842
-0.05651
-0.04435
-0.03187
-0.01898
-0.00564
0.00822
0.02264
0.03766
0.05333
0.06967
0.08667
0.10435
0.12271
0.14172
0.16137
0.18161
0.20242
0.22375
0.24555
0.26778
0.29039
0.31333
0.33656
0.36003
0.38368
0.40748
0.43139
0.45537
0.47937
0.50337
0.52732
0.55120
0.57495
0.59856
0.62198
0.64518
0.66812
0.69077
0.71309
0.73504
0.75660
0.77774
0.79845
0.81872
0.83853
0.85789
0.87683
0.89535
0.91348
0.93126
0.94875
0.96600
0.98306
0.99998
1.01681
1.03362
1.05045
1.06735
1.08438
1.10157
1.11899
1.13665
1.15460
1.17287
1.19149
1.21048
1.22982
1.24955
1.26965
1.29013
1.31096
1.33215
1.35367
1.37551
1.39763
1.42002
1.44265
1.46549
1.48850
1.51166
1.53493
1.55829
1.58174
1.60526
1.62883
1.65244
1.67610
1.69979
1.72350
1.74723
1.77095
1.79466
1.81833
1.84195
1.86550
1.88894
1.91227
1.93547
1.95850
1.98136
2.00403
2.02648
2.04870
2.07068
2.09240
2.11387
2.13509
2.15606
2.17679
2.19728
2.21755
2.23760
2.25744
2.27707
2.29649
2.31570
2.33470
2.35350
2.37206
2.39040
2.40849
2.42631
2.44382
2.46099
2.47779
2.49418
2.51013
2.52559
2.54055
2.55495
2.56876
2.58196
2.59449
2.60634
2.61747
2.62784
2.63743
2.64620
2.65414
2.66119
2.66735
2.67258
2.67686
2.68016
2.68247
2.68375
2.68400
2.68318
2.68127
2.67827
2.67414
2.66889
2.66247
2.65489
2.64613
2.63615
2.62496
2.61255
2.59895
2.58415
2.56818
2.55107
2.53288
2.51364
2.49340
2.47223
2.45019
2.42734
2.40373
2.37944
2.35452
2.32903
2.30303
2.27657
2.24971
2.22249
2.19496
2.16717
2.13916
2.11099
2.08268
2.05427
2.02578
1.99724
1.96866
1.94005
1.91142
1.88278
1.85411
1.82542
1.79669
1.76789
1.73901
1.71004
1.68095
1.65174
1.62239
1.59290
1.56327
1.53349
1.50357
1.47351
1.44331
1.41299
1.38254
1.35198
1.32135
1.29066
1.25994
1.22923
1.19857
1.16799
1.13754
1.10725
1.07719
1.04740
1.01792
0.98880
0.96009
0.93183
0.90406
0.87681
0.85010
0.82396
0.79842
0.77345
0.74905
0.72520
0.70190
0.67909
0.65673
0.63476
0.61314
0.59181
0.57071
0.54978
0.52898
0.50825
0.48757
0.46690
0.44619
0.42543
0.40461
0.38370
0.36268
0.34155
0.32029
0.29890
0.27737
0.25569
0.23386
0.21186
0.18970
0.16736
0.14483
0.12209
0.09914
0.07595
0.05251
0.02879
0.00476
-0.01959
-0.04431
-0.06941
-0.09492
-0.12086
-0.14724
-0.17408
-0.20138
-0.22914
-0.25736
-0.28603
-0.31515
-0.34467
-0.37457
-0.40482
-0.43537
-0.46617
-0.49715
-0.52824
-0.55938
-0.59047
-0.62143
-0.65215
-0.68255
-0.71254
-0.74204
-0.77097
-0.79923
-0.82678
-0.85356
-0.87952
-0.90460
-0.92879
-0.95206
-0.97440
-0.99580
-1.01627
-1.03583
-1.05453
-1.07238
-1.08943
-1.10575
-1.12140
-1.13643
-1.15089
-1.16483
-1.17829
-1.19130
-1.20388
-1.21602
-1.22771
-1.23895
-1.24967
-1.25984
-1.26939
-1.27827
-1.28641
-1.29374
-1.30021
-1.30574
-1.31030
-1.31385
-1.31637
-1.31781
-1.31819
-1.31750
-1.31574
-1.31293
-1.30907
-1.30421
-1.29838
-1.29159
-1.28388
-1.27527
-1.26577
-1.25542
-1.24424
-1.23224
-1.21946
-1.20591
-1.19162
-1.17662
-1.16094
-1.14462
-1.12767
-1.11014
-1.09205
-1.07345
-1.05436
-1.03482
-1.01489
-0.99459
-0.97396
-0.95306
-0.93191
-0.91057
-0.88906
-0.86744
-0.84575
-0.82402
-0.80228
-0.78056
-0.75889
-0.73728
-0.71574
-0.69429
-0.67292
-0.65165
-0.63047
-0.60938
-0.58841
-0.56753
-0.54678
-0.52615
-0.50566
-0.48532
-0.46516
-0.44520
-0.42546
-0.40598
-0.38677
-0.36787
-0.34929
-0.33107
-0.31321
-0.29574
-0.27867
-0.26203
-0.24582
-0.23003
-0.21467
-0.19973
-0.18518
-0.17099
-0.15714
-0.14359
-0.13029
-0.11722
-0.10432
-0.09156
-0.07891
-0.06631
-0.05374
-0.04117
-0.02857
-0.01593
-0.00323
0.00954
0.02238
0.03528
0.04824
0.06126
0.07431
0.08737
0.10042
0.11345
0.12642
0.13933
0.15214
0.16483
0.17739
0.18979
0.20201
0.21404
0.22585
0.23744
0.24878
0.25986
0.27067
0.28118
0.29136
0.30119
0.31063
0.31965
0.32820
0.33625
0.34375
0.35068
0.35700
0.36267
0.36766
0.37196
0.37554
0.37837
0.38044
0.38173
0.38225
0.38196
0.38089
0.37903
0.37638
0.37296
0.36877
0.36382
0.35814
0.35173
0.34461
0.33680
0.32830
0.31913
0.30932
0.29889
0.28785
0.27623
0.26404
0.25133
0.23811
0.22441
0.21028
0.19575
0.18087
0.16568
0.15024
0.13459
0.11881
0.10294
0.08705
0.07120
0.05546
0.03988
0.02455
0.00953
-0.00509
-0.01925
-0.03287
-0.04588
-0.05820
-0.06977
-0.08055
-0.09047
-0.09951
-0.10761
-0.11474
-0.12089
-0.12601
-0.13009
-0.13313
-0.13514
-0.13612
-0.13609
-0.13506
-0.13306
-0.13013
-0.12628
-0.12156
-0.11600
-0.10964
-0.10252
-0.09469
-0.08620
-0.07709
-0.06741
-0.05722
-0.04658
-0.03553
-0.02414
-0.01246
-0.00054
0.01156
0.02380
0.03613
0.04852
0.06094
0.07336
0.08576
0.09815
0.11053
0.12290
0.13529
0.14773
0.16026
0.17291
0.18570
0.19868
0.21187
0.22529
0.23897
0.25293
0.26719
0.28178
0.29667
0.31186
0.32735
0.34312
0.35914
0.37540
0.39186
0.40851
0.42530
0.44222
0.45923
0.47629
0.49337
0.51042
0.52740
0.54427
0.56099
0.57753
0.59385
0.60991
0.62568
0.64112
0.65620
0.67087
0.68511
0.69888
0.71214
0.72486
0.73699
0.74849
0.75933
0.76944
0.77881
0.78739
0.79515
0.80205
0.80807
0.81319
0.81739
0.82066
0.82298
0.82436
0.82481
0.82431
0.82290
0.82062
0.81748
0.81353
0.80881
0.80335
0.79721
0.79043
0.78306
0.77516
0.76680
0.75803
0.74891
0.73947
0.72977
0.71985
0.70975
0.69946
0.68902
0.67845
0.66773
0.65687
0.64583
0.63463
0.62324
0.61165
0.59985
0.58781
0.57553
0.56301
0.55023
0.53720
0.52391
0.51039
0.49665
0.48270
0.46859
0.45435
0.44003
0.42566
0.41128
0.39693
0.38265
0.36846
0.35440
0.34049
0.32675
0.31320
0.29984
0.28666
0.27365
0.26079
0.24806
0.23543
0.22289
0.21039
0.19793
0.18546
0.17296
0.16042
0.14783
0.13520
0.12253
0.10983
0.09717
0.08459
0.07215
0.05992
0.04797
0.03636
0.02516
0.01445
0.00427
-0.00533
-0.01430
-0.02261
-0.03020
-0.03706
-0.04314
-0.04842
-0.05288
-0.05651
-0.05930
-0.06124
-0.06232
-0.06257
-0.06199
-0.06059
-0.05839
-0.05542
-0.05171
-0.04726
-0.04211
-0.03627
-0.02974
-0.02255
-0.01469
-0.00617
0.00301
0.01286
0.02338
0.03456
0.04640
0.05891
0.07206
0.08583
0.10020
0.11513
0.13058
0.14650
0.16285
0.17956
0.19658
0.21385
0.23131
0.24889
0.26654
0.28422
0.30187
0.31944
0.33690
0.35423
0.37139
0.38836
0.40513
0.42169
0.43803
0.45414
0.47003
0.48571
0.50118
0.51645
0.53152
0.54640
0.56108
0.57557
0.58985
0.60390
0.61773
0.63130
0.64460
0.65761
0.67030
0.68266
0.69467
0.70631
0.71755
0.72838
0.73878
0.74874
0.75825
0.76729
0.77587
0.78401
0.79171
0.79899
0.80588
0.81240
0.81857
0.82442
0.82999
0.83530
0.84039
0.84529
0.85002
0.85460
0.85906
0.86343
0.86769
0.87186
0.87594
0.87994
0.88383
0.88761
0.89128
0.89483
0.89825
0.90154
0.90470
0.90773
0.91064
0.91341
0.91606
0.91858
0.92097
0.92321
0.92532
0.92726
0.92906
0.93070
0.93219
0.93351
0.93466
0.93564
0.93641
0.93698
0.93733
0.93745
0.93730
0.93689
0.93621
0.93525
0.93402
0.93251
0.93073
0.92868
0.92636
0.92378
0.92094
0.91787
0.91457
0.91106
0.90737
0.90351
0.89951
0.89540
0.89121
0.88696
0.88267
0.87839
0.87412
0.86990
0.86574
0.86168
0.85772
0.85387
0.85015
0.84657
0.84314
0.83984
0.83669
0.83368
0.83080
0.82802
0.82535
0.82277
0.82024
0.81775
0.81527
0.81279
0.81027
0.80770
0.80506
0.80233
0.79950
0.79656
0.79353
0.79039
0.78715
0.78382
0.78041
0.77693
0.77341
0.76986
0.76631
0.76280
0.75936
0.75602
0.75283
0.74982
0.74702
0.74443
0.74210
0.74003
0.73825
0.73679
0.73566
0.73489
0.73449
0.73447
0.73484
0.73561
0.73677
0.73834
0.74030
0.74267
0.74542
0.74857
0.75208
0.75597
0.76022
0.76482
0.76976
0.77504
0.78066
0.78659
0.79283
0.79936
0.80617
0.81325
0.82057
0.82812
0.83588
0.84385
0.85202
0.86037
0.86890
0.87759
0.88642
0.89538
0.90446
0.91365
0.92293
0.93229
0.94173
0.95125
0.96084
0.97050
0.98023
0.99003
0.99990
1.00983
1.01983
1.02990
1.04005
1.05026
1.06054
1.07088
1.08127
1.09170
1.10215
1.11261
1.12304
1.13342
1.14373
1.15394
1.16400
1.17389
1.18357
1.19303
1.20224
1.21116
1.21980
1.22814
1.23616
1.24386
1.25124
1.25829
1.26502
1.27142
1.27751
1.28328
1.28875
1.29392
1.29879
1.30339
1.30772
1.31179
1.31561
1.31919
1.32254
1.32568
1.32863
1.33138
1.33395
1.33634
1.33856
1.34060
1.34246
1.34414
1.34562
1.34693
1.34806
1.34902
1.34981
1.35046
1.35096
1.35133
1.35157
1.35170
1.35170
1.35160
1.35140
1.35110
1.35074
1.35031
1.34982
1.34928
1.34870
1.34807
1.34738
1.34662
1.34577
1.34482
1.34372
1.34246
1.34099
1.33929
1.33732
1.33506
1.33245
1.32948
1.32612
1.32232
1.31807
1.31334
1.30810
1.30235
1.29606
1.28923
1.28185
1.27392
1.26545
1.25643
1.24688
1.23682
1.22626
1.21523
1.20374
1.19183
1.17951
1.16680
1.15373
1.14030
1.12652
1.11241
1.09797
1.08320
1.06810
1.05268
1.03694
1.02087
1.00449
0.98779
0.97078
0.95349
0.93593
0.91811
0.90007
0.88183
0.86341
0.84484
0.82614
0.80734
0.78844
0.76947
0.75042
0.73132
0.71216
0.69295
0.67369
0.65437
0.63499
0.61554
0.59601
0.57642
0.55674
0.53697
0.51713
0.49723
0.47727
0.45728
0.43728
0.41730
0.39738
0.37755
0.35785
0.33833
0.31904
0.30001
0.28131
0.26296
0.24502
0.22753
0.21052
0.19405
0.17815
0.16285
0.14819
0.13418
0.12083
0.10817
0.09617
0.08481
0.07408
0.06394
0.05438
0.04534
0.03680
0.02871
0.02104
0.01376
0.00683
0.00021
-0.00611
-0.01218
-0.01802
-0.02365
-0.02909
-0.03435
-0.03946
-0.04443
-0.04927
-0.05399
-0.05861
-0.06315
-0.06761
-0.07203
-0.07642
-0.08081
-0.08522
-0.08969
-0.09422
-0.09886
-0.10362
-0.10853
-0.11363
-0.11894
-0.12447
-0.13025
-0.13629
-0.14260
-0.14918
-0.15606
-0.16322
-0.17067
-0.17840
-0.18640
-0.19465
-0.20312
-0.21179
-0.22062
-0.22957
-0.23860
-0.24768
-0.25677
-0.26586
-0.27490
-0.28388
-0.29277
-0.30154
-0.31017
-0.31866
-0.32699
-0.33515
-0.34312
-0.35091
-0.35850
-0.36588
-0.37304
-0.37997
-0.38667
-0.39312
-0.39932
-0.40527
-0.41096
-0.41641
-0.42160
-0.42656
-0.43129
-0.43579
-0.44009
-0.44419
-0.44813
-0.45191
-0.45557
-0.45912
-0.46258
-0.46596
-0.46928
-0.47255
-0.47577
-0.47896
-0.48211
-0.48525
-0.48838
-0.49150
-0.49463
-0.49775
-0.50087
-0.50399
-0.50710
-0.51020
-0.51330
-0.51639
-0.51947
-0.52256
-0.52566
-0.52880
-0.53197
-0.53522
-0.53855
-0.54200
-0.54558
-0.54932
-0.55325
-0.55738
-0.56174
-0.56634
-0.57120
-0.57635
-0.58179
-0.58754
-0.59359
-0.59996
-0.60663
-0.61362
-0.62091
-0.62849
-0.63636
-0.64451
-0.65292
-0.66158
-0.67049
-0.67963
-0.68899
-0.69857
-0.70834
-0.71829
-0.72840
-0.73865
-0.74900
-0.75943
-0.76991
-0.78039
-0.79085
-0.80127
-0.81160
-0.82183
-0.83193
-0.84186
-0.85160
-0.86112
-0.87038
-0.87937
-0.88806
-0.89643
-0.90446
-0.91214
-0.91946
-0.92639
-0.93292
-0.93904
-0.94475
-0.95004
-0.95490
-0.95933
-0.96334
-0.96693
-0.97009
-0.97282
-0.97512
-0.97698
-0.97840
-0.97937
-0.97989
-0.97997
-0.97960
-0.97878
-0.97752
-0.97582
-0.97367
-0.97108
-0.96805
-0.96457
-0.96064
-0.95628
-0.95147
-0.94623
-0.94054
-0.93442
-0.92786
-0.92086
-0.91343
-0.90558
-0.89731
-0.88864
-0.87957
-0.87012
-0.86031
-0.85016
-0.83968
-0.82889
-0.81779
-0.80640
-0.79473
-0.78278
-0.77057
-0.75811
-0.74540
-0.73244
-0.71922
-0.70574
-0.69198
-0.67795
-0.66364
-0.64906
-0.63419
-0.61906
-0.60369
-0.58810
-0.57231
-0.55634
-0.54023
-0.52402
-0.50772
-0.49138
-0.47502
-0.45868
-0.44238
-0.42614
-0.40999
-0.39394
-0.37801
-0.36219
-0.34649
-0.33091
-0.31543
-0.30004
-0.28473
-0.26948
-0.25427
-0.23910
-0.22396
-0.20884
-0.19374
-0.17867
-0.16364
-0.14867
-0.13376
-0.11894
-0.10422
-0.08962
-0.07516
-0.06086
-0.04675
-0.03284
-0.01915
-0.00571
0.00746
0.02035
0.03292
0.04518
0.05710
0.06868
0.07989
0.09073
0.10116
0.11117
0.12074
0.12985
0.13848
0.14663
0.15429
0.16144
0.16808
0.17420
0.17981
0.18491
0.18951
0.19363
0.19727
0.20045
0.20319
0.20548
0.20735
0.20879
0.20980
0.21036
0.21049
0.21016
0.20937
0.20810
0.20637
0.20414
0.20143
0.19822
0.19451
0.19031
0.18560
0.18040
0.17471
0.16854
0.16190
0.15480
0.14727
0.13932
0.13097
0.12226
0.11320
0.10383
0.09415
0.08421
0.07401
0.06359
0.05298
0.04222
0.03132
0.02033
0.00926
-0.00184
-0.01297
-0.02409
-0.03518
-0.04623
-0.05722
-0.06814
-0.07897
-0.08972
-0.10036
-0.11090
-0.12131
-0.13158
-0.14169
-0.15165
-0.16144
-0.17105
-0.18049
-0.18973
-0.19876
-0.20757
-0.21616
-0.22452
-0.23263
-0.24050
-0.24812
-0.25548
-0.26259
-0.26943
-0.27602
-0.28234
-0.28836
-0.29409
-0.29950
-0.30458
-0.30931
-0.31368
-0.31768
-0.32128
-0.32446
-0.32721
-0.32951
-0.33134
-0.33268
-0.33352
-0.33384
-0.33363
-0.33290
-0.33165
-0.32986
-0.32756
-0.32476
-0.32147
-0.31770
-0.31349
-0.30886
-0.30386
-0.29851
-0.29285
-0.28692
-0.28077
-0.27443
-0.26793
-0.26131
-0.25458
-0.24777
-0.24092
-0.23405
-0.22720
-0.22041
-0.21368
-0.20703
-0.20047
-0.19402
-0.18768
-0.18144
-0.17529
-0.16922
-0.16323
-0.15729
-0.15139
-0.14552
-0.13967
-0.13384
-0.12803
-0.12225
-0.11649
-0.11077
-0.10509
-0.09948
-0.09394
-0.08851
-0.08320
-0.07805
-0.07308
-0.06833
-0.06384
-0.05963
-0.05574
-0.05219
-0.04902
-0.04625
-0.04392
-0.04205
-0.04066
-0.03978
-0.03941
-0.03958
-0.04028
-0.04152
-0.04330
-0.04560
-0.04843
-0.05176
-0.05558
-0.05985
-0.06456
-0.06967
-0.07517
-0.08104
-0.08726
-0.09381
-0.10068
-0.10784
-0.11529
-0.12302
-0.13102
-0.13929
-0.14781
-0.15659
-0.16561
-0.17487
-0.18436
-0.19406
-0.20397
-0.21408
-0.22437
-0.23484
-0.24549
-0.25631
-0.26732
-0.27850
-0.28987
-0.30143
-0.31319
-0.32513
-0.33727
-0.34958
-0.36207
-0.37471
-0.38749
-0.40039
-0.41340
-0.42650
-0.43964
-0.45281
-0.46595
-0.47902
-0.49200
-0.50482
-0.51744
-0.52982
-0.54190
-0.55365
-0.56500
-0.57592
-0.58637
-0.59631
-0.60572
-0.61455
-0.62279
-0.63042
-0.63743
-0.64381
-0.64953
-0.65460
-0.65901
-0.66274
-0.66581
-0.66822
-0.66999
-0.67113
-0.67165
-0.67158
-0.67092
-0.66970
-0.66795
-0.66569
-0.66296
-0.65978
-0.65621
-0.65230
-0.64807
-0.64360
-0.63891
-0.63405
-0.62907
-0.62400
-0.61889
-0.61377
-0.60868
-0.60365
-0.59872
-0.59391
-0.58925
-0.58476
-0.58046
-0.57636
-0.57247
-0.56879
-0.56532
-0.56202
-0.55890
-0.55592
-0.55304
-0.55024
-0.54746
-0.54466
-0.54179
-0.53882
-0.53570
-0.53237
-0.52880
-0.52494
-0.52075
-0.51618
-0.51119
-0.50576
-0.49983
-0.49339
-0.48642
-0.47890
-0.47082
-0.46218
-0.45299
-0.44327
-0.43302
-0.42228
-0.41106
-0.39939
-0.38731
-0.37483
-0.36200
-0.34884
-0.33538
-0.32164
-0.30765
-0.29344
-0.27901
-0.26439
-0.24960
-0.23464
-0.21953
-0.20429
-0.18892
-0.17342
-0.15780
-0.14207
-0.12624
-0.11033
-0.09434
-0.07828
-0.06216
-0.04600
-0.02981
-0.01359
0.00264
0.01886
0.03505
0.05120
0.06727
0.08325
0.09910
0.11480
0.13034
0.14571
0.16089
0.17589
0.19071
0.20535
0.21983
0.23415
0.24832
0.26237
0.27631
0.29015
0.30389
0.31753
0.33107
0.34452
0.35787
0.37112
0.38429
0.39736
0.41033
0.42321
0.43598
0.44863
0.46116
0.47354
0.48576
0.49781
0.50966
0.52131
0.53273
0.54392
0.55485
0.56549
0.57583
0.58583
0.59548
0.60476
0.61365
0.62215
0.63023
0.63791
0.64517
0.65201
0.65843
0.66445
0.67007
0.67530
0.68015
0.68463
0.68876
0.69253
0.69597
0.69907
0.70183
0.70426
0.70637
0.70814
0.70960
0.71074
0.71156
0.71208
0.71231
0.71224
0.71189
0.71127
0.71037
0.70921
0.70779
0.70613
0.70425
0.70215
0.69986
0.69739
0.69477
0.69201
0.68912
0.68611
0.68298
0.67974
0.67640
0.67295
0.66939
0.66573
0.66197
0.65810
0.65412
0.65004
0.64586
0.64158
0.63722
0.63278
0.62825
0.62364
0.61894
0.61415
0.60927
0.60431
0.59928
0.59419
0.58904
0.58385
0.57863
0.57338
0.56811
0.56284
0.55758
0.55233
0.54709
0.54189
0.53671
0.53159
0.52649
0.52144
0.51640
0.51139
0.50641
0.50145
0.49652
0.49163
0.48676
0.48192
0.47710
0.47230
0.46752
0.46273
0.45794
0.45314
0.44831
0.44347
0.43860
0.43370
0.42877
0.42381
0.41882
0.41380
0.40878
0.40378
0.39883
0.39395
0.38918
0.38454
0.38005
0.37575
0.37165
0.36777
0.36412
0.36072
0.35759
0.35472
0.35212
0.34981
0.34776
0.34598
0.34444
0.34314
0.34206
0.34115
0.34040
0.33977
0.33923
0.33874
0.33827
0.33779
0.33729
0.33674
0.33614
0.33546
0.33471
0.33386
0.33292
0.33187
0.33073
0.32948
0.32814
0.32672
0.32522
0.32366
0.32206
0.32043
0.31879
0.31714
0.31551
0.31391
0.31233
0.31078
0.30926
0.30776
0.30629
0.30484
0.30342
0.30204
0.30067
0.29931
0.29795
0.29657
0.29516
0.29371
0.29220
0.29062
0.28897
0.28723
0.28540
0.28348
0.28145
0.27931
0.27704
0.27464
0.27208
0.26936
0.26647
0.26340
0.26012
0.25665
0.25296
0.24906
0.24495
0.24067
0.23623
0.23165
0.22694
0.22212
0.21720
0.21219
0.20711
0.20198
0.19680
0.19160
0.18639
0.18118
0.17600
0.17086
0.16576
0.16071
0.15571
0.15075
0.14583
0.14094
0.13607
0.13120
0.12630
0.12136
0.11635
0.11124
0.10602
0.10069
0.09522
0.08960
0.08383
0.07790
0.07180
0.06551
0.05905
0.05241
0.04561
0.03864
0.03152
0.02428
0.01692
0.00946
0.00193
-0.00565
-0.01327
-0.02091
-0.02855
-0.03617
-0.04375
-0.05128
-0.05874
-0.06612
-0.07341
-0.08061
-0.08770
-0.09468
-0.10155
-0.10831
-0.11496
-0.12151
-0.12797
-0.13435
-0.14067
-0.14693
-0.15314
-0.15932
-0.16549
-0.17167
-0.17787
-0.18413
-0.19045
-0.19687
-0.20339
-0.21003
-0.21682
-0.22378
-0.23093
-0.23828
-0.24587
-0.25370
-0.26179
-0.27017
-0.27884
-0.28781
-0.29708
-0.30666
-0.31656
-0.32680
-0.33738
-0.34833
-0.35963
-0.37129
-0.38329
-0.39562
-0.40829
-0.42127
-0.43455
-0.44813
-0.46198
-0.47611
-0.49048
-0.50510
-0.51993
-0.53496
-0.55015
-0.56550
-0.58097
-0.59655
-0.61221
-0.62793
-0.64370
-0.65948
-0.67527
-0.69103
-0.70675
-0.72241
-0.73799
-0.75346
-0.76880
-0.78399
-0.79900
-0.81381
-0.82838
-0.84270
-0.85674
-0.87048
-0.88390
-0.89700
-0.90977
-0.92219
-0.93427
-0.94600
-0.95738
-0.96840
-0.97907
-0.98939
-0.99937
-1.00901
-1.01831
-1.02729
-1.03595
-1.04430
-1.05234
-1.06007
-1.06749
-1.07458
-1.08134
-1.08777
-1.09386
-1.09960
-1.10497
-1.10998
-1.11459
-1.11880
-1.12260
-1.12600
-1.12900
-1.13159
-1.13379
-1.13560
-1.13703
-1.13809
-1.13880
-1.13916
-1.13918
-1.13889
-1.13828
-1.13739
-1.13623
-1.13481
-1.13316
-1.13128
-1.12916
-1.12681
-1.12426
-1.12150
-1.11854
-1.11540
-1.11208
-1.10858
-1.10492
-1.10108
-1.09707
-1.09289
-1.08856
-1.08405
-1.07939
-1.07457
-1.06959
-1.06447
-1.05922
-1.05384
-1.04837
-1.04281
-1.03719
-1.03152
-1.02581
-1.02009
-1.01437
-1.00865
-1.00294
-0.99725
-0.99160
-0.98598
-0.98039
-0.97485
-0.96935
-0.96389
-0.95846
-0.95306
-0.94769
-0.94234
-0.93703
-0.93175
-0.92649
-0.92126
-0.91604
-0.91084
-0.90565
-0.90048
-0.89532
-0.89017
-0.88505
-0.87995
-0.87490
-0.86988
-0.86492
-0.86001
-0.85516
-0.85039
-0.84568
-0.84106
-0.83652
-0.83207
-0.82771
-0.82346
-0.81932
-0.81531
-0.81141
-0.80764
-0.80400
-0.80048
-0.79711
-0.79386
-0.79076
-0.78781
-0.78500
-0.78234
-0.77983
-0.77748
-0.77529
-0.77324
-0.77135
-0.76960
-0.76799
-0.76651
-0.76514
-0.76388
-0.76271
-0.76161
-0.76055
-0.75951
-0.75849
-0.75746
-0.75642
-0.75535
-0.75423
-0.75304
-0.75175
-0.75034
-0.74881
-0.74712
-0.74528
-0.74326
-0.74106
-0.73870
-0.73617
-0.73348
-0.73063
-0.72764
-0.72453
-0.72129
-0.71795
-0.71453
-0.71105
-0.70753
-0.70397
-0.70038
-0.69678
-0.69316
-0.68953
-0.68589
-0.68222
-0.67853
-0.67479
-0.67100
-0.66713
-0.66317
-0.65909
-0.65489
-0.65053
-0.64601
-0.64130
-0.63639
-0.63129
-0.62597
-0.62043
-0.61469
-0.60874
-0.60259
-0.59624
-0.58970
-0.58297
-0.57605
-0.56896
-0.56168
-0.55422
-0.54658
-0.53875
-0.53070
-0.52245
-0.51396
-0.50526
-0.49634
-0.48720
-0.47787
-0.46833
-0.45861
-0.44870
-0.43862
-0.42838
-0.41799
-0.40746
-0.39681
-0.38606
-0.37522
-0.36431
-0.35336
-0.34238
-0.33136
-0.32031
-0.30925
-0.29818
-0.28712
-0.27607
-0.26506
-0.25408
-0.24313
-0.23221
-0.22133
-0.21049
-0.19970
-0.18897
-0.17831
-0.16774
-0.15726
-0.14689
-0.13663
-0.12649
-0.11647
-0.10657
-0.09678
-0.08711
-0.07754
-0.06806
-0.05866
-0.04933
-0.04006
-0.03084
-0.02166
-0.01250
-0.00334
0.00584
0.01506
0.02432
0.03363
0.04298
0.05239
0.06186
0.07138
0.08096
0.09060
0.10029
0.11001
0.11978
0.12956
0.13936
0.14917
0.15897
0.16876
0.17854
0.18829
0.19801
0.20771
0.21737
0.22698
0.23654
0.24603
0.25546
0.26484
0.27417
0.28344
0.29267
0.30186
0.31100
0.32010
0.32917
0.33820
0.34719
0.35615
0.36506
0.37394
0.38276
0.39155
0.40027
0.40893
0.41750
0.42599
0.43436
0.44259
0.45067
0.45857
0.46631
0.47390
0.48134
0.48865
0.49583
0.50289
0.50983
0.51664
0.52335
0.52995
0.53646
0.54286
0.54918
0.55540
0.56153
0.56757
0.57353
0.57940
0.58520
0.59092
0.59657
0.60214
0.60762
0.61301
0.61830
0.62348
0.62852
0.63341
0.63815
0.64271
0.64708
0.65124
0.65517
0.65884
0.66224
0.66533
0.66811
0.67054
0.67261
0.67431
0.67560
0.67648
0.67692
0.67691
0.67645
0.67552
0.67414
0.67230
0.67000
0.66725
0.66406
0.66044
0.65640
0.65195
0.64711
0.64188
0.63628
0.63031
0.62397
0.61729
0.61024
0.60282
0.59502
0.58684
0.57824
0.56923
0.55978
0.54987
0.53949
0.52864
0.51732
0.50551
0.49320
0.48039
0.46705
0.45319
0.43881
0.42392
0.40853
0.39266
0.37634
0.35960
0.34246
0.32496
0.30712
0.28898
0.27055
0.25186
0.23295
0.21385
0.19458
0.17517
0.15566
0.13605
0.11638
0.09667
0.07695
0.05726
0.03762
0.01806
-0.00139
-0.02073
-0.03992
-0.05896
-0.07784
-0.09653
-0.11502
-0.13329
-0.15134
-0.16912
-0.18663
-0.20385
-0.22075
-0.23733
-0.25357
-0.26945
-0.28496
-0.30010
-0.31484
-0.32917
-0.34309
-0.35658
-0.36963
-0.38222
-0.39435
-0.40601
-0.41719
-0.42789
-0.43809
-0.44782
-0.45706
-0.46581
-0.47407
-0.48186
-0.48916
-0.49599
-0.50235
-0.50824
-0.51367
-0.51863
-0.52315
-0.52721
-0.53085
-0.53405
-0.53683
-0.53918
-0.54111
-0.54261
-0.54370
-0.54438
-0.54465
-0.54454
-0.54405
-0.54319
-0.54199
-0.54045
-0.53859
-0.53644
-0.53399
-0.53128
-0.52832
-0.52511
-0.52169
-0.51805
-0.51423
-0.51021
-0.50603
-0.50169
-0.49720
-0.49257
-0.48781
-0.48294
-0.47797
-0.47291
-0.46776
-0.46255
-0.45727
-0.45194
-0.44655
-0.44111
-0.43563
-0.43011
-0.42457
-0.41901
-0.41345
-0.40789
-0.40236
-0.39686
-0.39141
-0.38599
-0.38061
-0.37528
-0.37000
-0.36478
-0.35963
-0.35456
-0.34957
-0.34466
-0.33984
-0.33511
-0.33048
-0.32596
-0.32157
-0.31731
-0.31319
-0.30923
-0.30541
-0.30175
-0.29825
-0.29490
-0.29172
-0.28868
-0.28580
-0.28306
-0.28045
-0.27798
-0.27561
-0.27335
-0.27118
-0.26909
-0.26707
-0.26510
-0.26318
-0.26129
-0.25944
-0.25761
-0.25581
-0.25404
-0.25229
-0.25058
-0.24889
-0.24724
-0.24561
-0.24402
-0.24247
-0.24094
-0.23945
-0.23799
-0.23656
-0.23518
-0.23382
-0.23250
-0.23121
-0.22995
-0.22870
-0.22748
-0.22626
-0.22506
-0.22386
-0.22264
-0.22140
-0.22012
-0.21880
-0.21742
-0.21599
-0.21449
-0.21293
-0.21129
-0.20958
-0.20780
-0.20595
-0.20404
-0.20207
-0.20005
-0.19799
-0.19587
-0.19372
-0.19154
-0.18933
-0.18711
-0.18489
-0.18269
-0.18051
-0.17836
-0.17625
-0.17420
-0.17221
-0.17030
-0.16848
-0.16676
-0.16515
-0.16365
-0.16227
-0.16101
-0.15987
-0.15884
-0.15792
-0.15711
-0.15639
-0.15576
-0.15520
-0.15471
-0.15427
-0.15386
-0.15348
-0.15311
-0.15273
-0.15232
-0.15188
-0.15140
-0.15086
-0.15025
-0.14958
-0.14884
-0.14802
-0.14715
-0.14623
-0.14526
-0.14426
-0.14323
-0.14219
-0.14115
-0.14011
-0.13909
-0.13809
-0.13714
-0.13623
-0.13538
-0.13459
-0.13388
-0.13324
-0.13268
-0.13219
-0.13179
-0.13147
-0.13123
-0.13108
-0.13101
-0.13103
-0.13113
-0.13133
-0.13161
-0.13197
-0.13243
-0.13297
-0.13360
-0.13431
-0.13508
-0.13592
-0.13682
-0.13776
-0.13874
-0.13975
-0.14078
-0.14184
-0.14292
-0.14403
-0.14516
-0.14632
-0.14750
-0.14870
-0.14992
-0.15116
-0.15241
-0.15369
-0.15499
-0.15630
-0.15763
-0.15896
-0.16030
-0.16164
-0.16295
-0.16424
-0.16549
-0.16670
-0.16786
-0.16896
-0.17001
-0.17099
-0.17190
-0.17274
-0.17349
-0.17416
-0.17477
-0.17532
-0.17583
-0.17629
-0.17671
-0.17708
-0.17740
-0.17766
-0.17784
-0.17793
-0.17793
-0.17782
-0.17760
-0.17729
-0.17687
-0.17633
-0.17565
-0.17481
-0.17380
-0.17260
-0.17120
-0.16960
-0.16777
-0.16571
-0.16341
-0.16086
-0.15805
-0.15498
-0.15162
-0.14798
-0.14403
-0.13978
-0.13522
-0.13037
-0.12522
-0.11978
-0.11404
-0.10803
-0.10174
-0.09519
-0.08839
-0.08136
-0.07410
-0.06665
-0.05900
-0.05117
-0.04317
-0.03502
-0.02674
-0.01835
-0.00985
-0.00127
0.00738
0.01611
0.02489
0.03371
0.04258
0.05148
0.06040
0.06933
0.07826
0.08719
0.09610
0.10500
0.11386
0.12268
0.13146
0.14018
0.14885
0.15744
0.16596
0.17440
0.18278
0.19109
0.19933
0.20751
0.21565
0.22373
0.23177
0.23978
0.24777
0.25575
0.26372
0.27169
0.27966
0.28762
0.29558
0.30352
0.31146
0.31937
0.32727
0.33513
0.34295
0.35069
0.35834
0.36589
0.37330
0.38056
0.38766
0.39456
0.40127
0.40777
0.41404
0.42007
0.42585
0.43135
0.43657
0.44151
0.44616
0.45052
0.45460
0.45840
0.46193
0.46518
0.46815
0.47085
0.47328
0.47543
0.47731
0.47891
0.48024
0.48129
0.48208
0.48260
0.48285
0.48284
0.48255
0.48201
0.48122
0.48019
0.47892
0.47742
0.47569
0.47373
0.47156
0.46918
0.46661
0.46387
0.46096
0.45790
0.45472
0.45142
0.44803
0.44455
0.44099
0.43737
0.43370
0.42996
0.42617
0.42232
0.41840
0.41441
0.41035
0.40620
0.40197
0.39765
0.39323
0.38873
0.38413
0.37943
0.37462
0.36970
0.36465
0.35949
0.35422
0.34885
0.34337
0.33781
0.33216
0.32644
0.32065
0.31480
0.30889
0.30293
0.29694
0.29092
0.28488
0.27884
0.27281
0.26680
0.26083
0.25490
0.24902
0.24319
0.23742
0.23170
0.22605
0.22046
0.21493
0.20949
0.20412
0.19883
0.19362
0.18849
0.18343
0.17845
0.17355
0.16871
0.16395
0.15926
0.15463
0.15006
0.14554
0.14109
0.13671
0.13242
0.12823
0.12415
0.12018
0.11633
0.11260
0.10899
0.10548
0.10207
0.09874
0.09549
0.09228
0.08911
0.08595
0.08280
0.07963
0.07644
0.07321
0.06992
0.06658
0.06316
0.05966
0.05608
0.05240
0.04861
0.04472
0.04072
0.03662
0.03243
0.02814
0.02377
0.01930
0.01474
0.01009
0.00534
0.00051
-0.00441
-0.00943
-0.01451
-0.01967
-0.02488
-0.03013
-0.03542
-0.04075
-0.04611
-0.05151
-0.05695
-0.06245
-0.06802
-0.07367
-0.07941
-0.08522
-0.09111
-0.09707
-0.10312
-0.10926
-0.11550
-0.12185
-0.12831
-0.13487
-0.14154
-0.14831
-0.15516
-0.16210
-0.16908
-0.17611
-0.18316
-0.19020
-0.19720
-0.20415
-0.21100
-0.21772
-0.22428
-0.23065
-0.23680
-0.24270
-0.24834
-0.25369
-0.25873
-0.26344
-0.26780
-0.27178
-0.27539
-0.27862
-0.28148
-0.28397
-0.28609
-0.28786
-0.28929
-0.29040
-0.29119
-0.29169
-0.29191
-0.29187
-0.29158
-0.29107
-0.29033
-0.28938
-0.28823
-0.28689
-0.28534
-0.28361
-0.28168
-0.27957
-0.27728
-0.27482
-0.27219
-0.26939
-0.26643
-0.26329
-0.26000
-0.25657
-0.25299
-0.24929
-0.24547
-0.24154
-0.23751
-0.23338
-0.22918
-0.22491
-0.22058
-0.21622
-0.21185
-0.20748
-0.20316
-0.19889
-0.19470
-0.19061
-0.18663
-0.18278
-0.17907
-0.17551
-0.17211
-0.16887
-0.16581
-0.16291
-0.16019
-0.15764
-0.15526
-0.15304
-0.15097
-0.14905
-0.14726
-0.14559
-0.14404
-0.14258
-0.14123
-0.13996
-0.13878
-0.13768
-0.13667
-0.13574
-0.13489
-0.13413
-0.13345
-0.13286
-0.13234
-0.13191
-0.13157
-0.13132
-0.13115
-0.13108
-0.13109
-0.13119
-0.13138
-0.13166
-0.13201
-0.13242
-0.13288
-0.13339
-0.13393
-0.13449
-0.13509
-0.13570
-0.13634
-0.13701
-0.13771
-0.13845
-0.13922
-0.14004
-0.14090
-0.14182
-0.14277
-0.14377
-0.14481
-0.14588
-0.14698
-0.14809
-0.14922
-0.15036
-0.15149
-0.15260
-0.15369
-0.15475
-0.15576
-0.15672
-0.15761
-0.15842
-0.15913
-0.15972
-0.16017
-0.16047
-0.16062
-0.16060
-0.16040
-0.16003
-0.15948
-0.15873
-0.15777
-0.15659
-0.15520
-0.15357
-0.15171
-0.14959
-0.14723
-0.14460
-0.14171
-0.13853
-0.13507
-0.13131
-0.12725
-0.12287
-0.11817
-0.11315
-0.10781
-0.10214
-0.09614
-0.08983
-0.08321
-0.07629
-0.06909
-0.06162
-0.05391
-0.04597
-0.03781
-0.02946
-0.02093
-0.01224
-0.00339
0.00560
0.01471
0.02394
0.03328
0.04271
0.05223
0.06183
0.07148
0.08118
0.09090
0.10064
0.11037
0.12011
0.12984
0.13956
0.14928
0.15897
0.16863
0.17827
0.18786
0.19741
0.20691
0.21635
0.22574
0.23507
0.24434
0.25355
0.26271
0.27179
0.28081
0.28976
0.29863
0.30743
0.31616
0.32482
0.33341
0.34193
0.35038
0.35875
0.36704
0.37525
0.38336
0.39137
0.39928
0.40707
0.41474
0.42227
0.42966
0.43689
0.44395
0.45082
0.45750
0.46399
0.47028
0.47637
0.48227
0.48799
0.49355
0.49895
0.50421
0.50936
0.51440
0.51935
0.52424
0.52908
0.53389
0.53869
0.54349
0.54830
0.55314
0.55801
0.56292
0.56787
0.57285
0.57787
0.58292
0.58799
0.59308
0.59819
0.60330
0.60841
0.61351
0.61860
0.62365
0.62868
0.63369
0.63865
0.64359
0.64849
0.65336
0.65819
0.66300
0.66778
0.67255
0.67732
0.68210
0.68688
0.69169
0.69653
0.70139
0.70627
0.71117
0.71609
0.72101
0.72594
0.73086
0.73578
0.74068
0.74556
0.75039
0.75517
0.75988
0.76452
0.76907
0.77352
0.77786
0.78209
0.78618
0.79013
0.79392
0.79756
0.80102
0.80431
0.80741
0.81033
0.81305
0.81557
0.81790
0.82002
0.82194
0.82365
0.82516
0.82648
0.82761
0.82857
0.82937
0.82999
0.83046
0.83077
0.83094
0.83096
0.83085
0.83061
0.83023
0.82973
0.82910
0.82833
0.82745
0.82643
0.82528
0.82399
0.82258
0.82102
0.81932
0.81749
0.81550
0.81336
0.81107
0.80861
0.80600
0.80323
0.80031
0.79726
0.79408
0.79076
0.78734
0.78380
0.78015
0.77642
0.77259
0.76868
0.76469
0.76064
0.75652
0.75235
0.74814
0.74389
0.73963
0.73535
0.73107
0.72679
0.72251
0.71825
0.71399
0.70975
0.70552
0.70130
0.69711
0.69292
0.68873
0.68455
0.68035
0.67614
0.67190
0.66763
0.66332
0.65897
0.65457
0.65011
0.64560
0.64103
0.63640
0.63172
0.62698
0.62219
0.61734
0.61244
0.60749
0.60249
0.59745
0.59236
0.58722
0.58206
0.57686
0.57165
0.56642
0.56120
0.55599
0.55081
0.54566
0.54055
0.53550
0.53050
0.52556
0.52070
0.51592
0.51123
0.50663
0.50211
0.49768
0.49332
0.48904
0.48484
0.48069
0.47659
0.47254
0.46854
0.46456
0.46060
0.45667
0.45275
0.44885
0.44495
0.44108
0.43721
0.43337
0.42953
0.42571
0.42191
0.41811
0.41432
0.41053
0.40676
0.40299
0.39923
0.39547
0.39170
0.38791
0.38410
0.38027
0.37642
0.37255
0.36867
0.36477
0.36087
0.35696
0.35305
0.34916
0.34529
0.34146
0.33766
0.33391
0.33020
0.32655
0.32296
0.31942
0.31594
0.31254
0.30920
0.30595
0.30278
0.29969
0.29668
0.29377
0.29095
0.28822
0.28558
0.28303
0.28058
0.27822
0.27596
0.27379
0.27172
0.26973
0.26784
0.26602
0.26427
0.26260
0.26098
0.25941
0.25789
0.25639
0.25491
0.25344
0.25198
0.25052
0.24905
0.24756
0.24606
0.24452
0.24296
0.24137
0.23975
0.23810
0.23641
0.23469
0.23294
0.23117
0.22939
0.22759
0.22580
0.22401
0.22225
0.22051
0.21881
0.21717
0.21560
0.21410
0.21269
0.21138
0.21016
0.20906
0.20806
0.20718
0.20642
0.20577
0.20524
0.20483
0.20452
0.20432
0.20422
0.20420
0.20428
0.20443
0.20467
0.20498
0.20536
0.20582
0.20634
0.20694
0.20759
0.20831
0.20909
0.20992
0.21079
0.21170
0.21265
0.21361
0.21460
0.21560
0.21662
0.21764
0.21867
0.21971
0.22074
0.22178
0.22281
0.22384
0.22486
0.22588
0.22689
0.22790
0.22891
0.22992
0.23092
0.23193
0.23293
0.23394
0.23494
0.23593
0.23692
0.23789
0.23885
0.23978
0.24068
0.24156
0.24239
0.24319
0.24394
0.24463
0.24527
0.24586
0.24638
0.24683
0.24722
0.24754
0.24779
0.24799
0.24812
0.24819
0.24822
0.24820
0.24815
0.24807
0.24797
0.24785
0.24773
0.24760
0.24747
0.24734
0.24721
0.24709
0.24697
0.24687
0.24678
0.24670
0.24665
0.24661
0.24658
0.24658
0.24659
0.24662
0.24666
0.24672
0.24680
0.24690
0.24702
0.24716
0.24731
0.24749
0.24769
0.24790
0.24814
0.24839
0.24866
0.24895
0.24925
0.24956
0.24989
0.25023
0.25058
0.25095
0.25132
0.25171
0.25211
0.25253
0.25295
0.25338
0.25381
0.25425
0.25468
0.25511
0.25554
0.25595
0.25635
0.25673
0.25709
0.25743
0.25775
0.25806
0.25834
0.25859
0.25883
0.25904
0.25923
0.25939
0.25953
0.25966
0.25976
0.25984
0.25991
0.25995
0.25998
0.25998
0.25997
0.25993
0.25988
0.25982
0.25973
0.25963
0.25951
0.25937
0.25922
0.25905
0.25886
0.25866
0.25843
0.25818
0.25791
0.25761
0.25728
0.25692
0.25653
0.25611
0.25565
0.25517
0.25465
0.25410
0.25351
0.25289
0.25224
0.25156
0.25085
0.25011
0.24934
0.24855
0.24773
0.24689
0.24604
0.24516
0.24427
0.24337
0.24245
0.24151
0.24057
0.23961
0.23864
0.23765
0.23664
0.23563
0.23460
0.23356
0.23251
0.23145
0.23038
0.22930
0.22822
0.22713
0.22603
0.22493
0.22383
0.22274
0.22164
0.22055
0.21947
0.21838
0.21731
0.21624
0.21517
0.21411
0.21305
0.21200
0.21095
0.20991
0.20887
0.20784
0.20681
0.20579
0.20476
0.20375
0.20273
0.20172
0.20071
0.19971
0.19871
0.19772
0.19673
0.19576
0.19479
0.19383
0.19289
0.19196
0.19105
0.19016
0.18929
0.18844
0.18761
0.18680
0.18602
0.18526
0.18453
0.18382
0.18314
0.18249
0.18186
0.18127
0.18071
0.18017
0.17967
0.17919
0.17874
0.17831
0.17792
0.17755
0.17720
0.17688
0.17658
0.17631
0.17606
0.17583
0.17562
0.17542
0.17525
0.17509
0.17494
0.17481
0.17469
0.17459
0.17449
0.17440
0.17432
0.17425
0.17419
0.17414
0.17410
0.17406
0.17404
0.17401
0.17400
0.17399
0.17399
0.17399
0.17400
0.17401
0.17403
0.17405
0.17408
0.17411
0.17415
0.17420
0.17426
0.17432
0.17439
0.17447
0.17455
0.17464
0.17474
0.17485
0.17496
0.17507
0.17519
0.17532
0.17545
0.17558
0.17572
0.17587
0.17601
0.17616
0.17631
0.17646
0.17662
0.17678
0.17694
0.17710
0.17726
0.17742
0.17759
0.17775
0.17791
0.17807
0.17823
0.17839
0.17856
0.17872
0.17888
0.17904
0.17920
0.17936
0.17952
0.17968
0.17983
0.17998
0.18013
0.18028
0.18042
0.18056
0.18070
0.18084
0.18097
0.18110
0.18123
0.18136
0.18148
0.18160
0.18172
0.18184
0.18195
0.18206
0.18217
0.18228
0.18238
0.18248
0.18258
0.18268
0.18277
0.18287
0.18296
0.18304
0.18313
0.18321
0.18329
0.18337
0.18344
0.18351
0.18358
0.18365
0.18372
0.18378
0.18384
0.18390
0.18395
0.18400
0.18405
0.18410
0.18415
0.18419
