0.00944
0.00945
0.00949
0.00957
0.00946
0.00926
0.00944
0.00958
0.00902
0.00854
0.00898
0.0092
0.00833
0.00768
0.00797
0.00804
0.0078
0.00789
0.00818
0.00808
0.00717
0.00598
0.00626
0.00832
0.00906
0.0077
0.00616
0.00567
0.00573
0.00661
0.00592
0.00405
0.00575
0.00613
0.00056
0.00117
0.00528
-0.00057
-0.00504
0.00116
0.00683
0.00719
0.00467
0.00363
0.00707
0.00981
0.0081
0.00601
0.00343
-0.00693
-0.01763
-0.01016
0.00133
-0.00481
-0.00841
0.0083
0.01733
-0.00313
-0.01558
0.0015
0.00318
-0.01885
-0.02393
-0.00853
-0.00643
-0.01442
-0.00723
0.00158
-0.00665
-0.00633
-0.00003
0.00395
0.00645
-0.00452
-0.01984
-0.02078
-0.0093
-0.00229
0.0032
0.00695
-0.0003
-0.00478
0.0046
0.00426
-0.0081
-0.00557
-0.00132
-0.00399
0.00029
-0.00698
-0.02571
-0.01157
0.00789
-0.00389
-0.01877
-0.02048
-0.01147
0.00146
-0.0005
-0.00751
-0.00729
-0.0087
-0.01432
-0.00661
0.00881
-0.00097
-0.01973
-0.01858
-0.00852
-0.00478
-0.00234
-0.00317
0.00139
0.00022
-0.01548
-0.02633
-0.01577
0.00655
0.01045
0
-0.00758
-0.0099
-0.01412
-0.01939
-0.00819
0.00467
-0.01145
-0.02454
-0.02368
-0.03129
-0.02803
0.0085
0.0328
-0.00086
-0.04315
-0.02073
0.02185
0.0387
0.02648
-0.01314
-0.03315
-0.00202
0.03063
0.0161
0.00264
0.00117
-0.02368
-0.04069
-0.01667
0.006
0.00681
0.01378
0.02534
0.0162
-0.00976
-0.00458
0.02339
0.01884
-0.00216
-0.01622
-0.02634
-0.02404
-0.01299
-0.00271
0.02696
0.04231
-0.00772
-0.03754
0.00702
0.036
0.0307
0.02302
0.00836
-0.01489
-0.02305
-0.00693
0.01179
0.03537
0.03154
-0.00909
-0.03728
-0.01457
0.01139
0.01883
0.03207
0.0139
-0.02476
-0.02021
0.02145
0.03165
0.00318
-0.01312
-0.0115
-0.01035
0.01093
0.02055
-0.01753
-0.04163
-0.01612
0.00127
-0.00287
-0.00395
0.00105
0.01089
0.01277
0.00609
0.01454
0.01422
-0.0045
-0.01606
-0.0358
-0.05537
-0.03394
0.00835
0.01976
0.01823
0.03022
0.04825
0.07748
0.12092
0.15521
0.14312
0.11321
0.12423
0.14071
0.13573
0.13678
0.14163
0.13506
0.13812
0.14107
0.13711
0.12753
0.09828
0.0514
-0.00565
-0.06927
-0.12776
-0.18482
-0.24461
-0.2985
-0.33989
-0.34797
-0.3122
-0.262
-0.23555
-0.25343
-0.2845
-0.26962
-0.20392
-0.14343
-0.10282
-0.08698
-0.08589
-0.10655
-0.09117
0.09487
0.31006
0.2053
0.01052
0.22083
0.36049
0.25923
0.24195
0.28773
0.28971
0.26576
0.22102
0.14356
0.0663
0.02213
0.00882
-0.01289
-0.04782
-0.0753
-0.08419
-0.07031
-0.00191
0.04364
-0.04054
-0.0502
0.00882
-0.08008
-0.12407
-0.02912
-0.00326
-0.07541
-0.13512
-0.15976
-0.14306
-0.08886
-0.05007
-0.08162
-0.1019
-0.07999
-0.07618
-0.08717
-0.11031
-0.16642
-0.15338
-0.02061
0.09134
0.0878
0.0206
0.03211
0.10998
0.1456
0.09631
0.04095
0.02793
0.02419
0.01881
0.02739
0.02508
0.01998
0.05185
0.09378
0.10595
0.06582
-0.0036
-0.01386
0.07783
0.16317
0.14619
0.06664
0.04629
0.04054
-0.04723
-0.13024
-0.12364
-0.11676
-0.14141
-0.11029
-0.04205
-0.02576
-0.06891
-0.07748
-0.02082
0.04308
0.05927
0.01096
-0.03245
-0.02557
-0.00473
0.00613
0.04312
0.09588
0.06616
0.01873
0.03331
0.06292
0.04956
0.01695
0.01667
0.03328
0.02153
0.03601
0.04457
0.01081
0.00718
0.02387
0.02327
0.03157
-0.00444
-0.08039
-0.10913
-0.10235
-0.10596
-0.07335
-0.03816
-0.10805
-0.17666
-0.17602
-0.19925
-0.20485
-0.14652
-0.08498
0.0154
0.11932
0.14026
0.09681
0.04855
0.01581
0.03637
0.08357
0.07756
0.03651
0.04596
0.02753
-0.05403
-0.06465
-0.0407
-0.00651
0.02422
0.01325
-0.03565
-0.0241
0.05723
0.07219
0.00798
0.00961
0.10916
0.18734
0.19378
0.16708
0.19988
0.30066
0.29189
0.10424
-0.01803
0.07446
0.21705
0.25809
0.20703
0.14771
0.04996
-0.14955
-0.33865
-0.33667
-0.27098
-0.31993
-0.29199
-0.16249
-0.09282
-0.10543
-0.12871
-0.12055
-0.161
-0.22873
-0.12466
-0.14303
-0.24532
-0.17267
-0.13427
-0.19883
-0.15741
-0.04675
0.06163
0.10488
0.08402
0.09475
0.09334
0.08026
0.13607
0.22344
0.33645
0.35265
0.24122
0.15952
0.18953
0.21976
0.20727
0.23719
0.30178
0.29059
0.14328
0.07422
0.12125
0.03996
-0.08433
-0.07837
-0.01568
-0.03131
-0.07058
-0.06206
-0.06415
-0.10437
-0.14796
-0.11598
-0.13615
-0.22729
-0.28096
-0.17865
0.03061
0.08709
-0.0523
-0.33219
-0.39156
-0.03624
0.30212
0.26745
-0.06488
-0.2636
-0.07547
0.18678
0.2749
0.3138
0.43877
0.5105
0.34419
0.09588
0.05948
0.14387
0.2322
0.28743
-0.01613
-0.52772
-0.65636
-0.27231
0.25814
0.59872
0.5135
0.17303
-0.04616
-0.17824
-0.40565
-0.51024
-0.28154
0.02619
0.24791
0.3683
0.30557
0.05849
-0.27911
-0.58746
-0.63331
-0.37129
-0.11668
0.0405
0.10656
-0.04838
-0.20463
0.04392
0.49842
0.79526
0.85398
0.74837
0.60464
0.38761
0.19041
0.12733
-0.05616
-0.38099
-0.48091
-0.20865
0.02768
-0.00169
-0.04623
-0.00718
-0.07622
-0.40776
-0.72051
-0.81913
-0.55498
-0.06081
-0.08403
-0.32769
-0.17367
0.04406
-0.0552
-0.26028
-0.23247
-0.10753
-0.28342
-0.50225
-0.377
-0.22176
-0.32934
-0.5699
-0.61664
-0.23275
0.21988
0.26052
-0.04469
-0.30896
-0.34288
-0.3434
-0.31688
-0.17383
-0.12333
-0.03009
0.24331
0.3908
0.38906
0.49179
0.63644
0.63084
0.36957
0.00306
-0.19864
-0.33862
-0.41494
-0.38096
-0.3886
-0.23699
0.21746
0.49092
0.49801
0.47885
0.20258
-0.24912
-0.4991
-0.46001
-0.46425
-0.316
0.1304
0.4123
0.6039
0.54991
0.26604
0.20253
0.27924
0.2504
0.15306
0.06406
0.02535
0.10052
0.23372
0.33112
0.33844
0.21621
0.0508
0.06145
0.22848
0.3286
0.35544
0.34602
0.2113
0.05933
-0.03904
-0.2837
-0.59894
-0.77679
-0.66212
-0.18035
0.20131
0.21748
0.04319
-0.12564
-0.22373
-0.33748
-0.38085
-0.20486
0.04983
0.20243
0.29251
0.34711
0.2889
0.16552
0.06426
0.06101
0.18545
0.21698
0.05942
-0.03524
0.09504
0.29712
0.38676
0.41519
0.4001
0.24982
0.01503
-0.22025
-0.43196
-0.53519
-0.48446
-0.28674
0.00862
0.28263
0.26375
-0.02324
-0.17978
-0.19495
-0.30862
-0.3979
-0.35464
-0.3632
-0.11816
0.47101
0.53041
0.05614
-0.2324
-0.20587
-0.16667
-0.17739
-0.06199
0.18085
0.26642
0.16063
-0.05027
-0.27573
-0.35172
-0.28583
-0.08758
0.19204
0.36423
0.38902
0.3609
0.34652
0.36844
0.21611
-0.11509
-0.19456
0.07568
0.27422
0.21701
-0.02055
-0.17467
-0.22534
-0.29484
-0.19659
0.15202
0.29242
0.13343
0.09226
0.19117
0.13073
-0.05255
-0.10424
-0.01397
-0.01959
-0.16913
-0.27497
-0.25044
-0.14298
0.00302
0.21446
0.40738
0.45746
0.37299
0.16479
-0.02757
-0.0385
0.01629
0.04151
0.02475
-0.05485
-0.08408
-0.05094
-0.10209
-0.1874
-0.12494
0.09179
0.23807
0.19016
-0.02212
-0.11446
0.04333
0.11639
0.01322
0.00139
0.04785
-0.07721
-0.21484
-0.22387
-0.23027
-0.29954
-0.29972
-0.19274
-0.15805
-0.16822
-0.01734
0.2111
0.27999
0.15386
0.00552
-0.12248
-0.18095
0.00095
0.17251
0.18689
0.19391
0.18194
0.09012
0.02031
0.06195
0.12455
0.11715
0.03306
-0.07476
-0.15571
-0.17087
-0.0936
-0.02756
-0.05469
-0.01408
0.09412
0.16333
0.19882
0.1976
0.16143
0.10785
-0.0002
-0.13491
-0.21026
-0.11382
0.0978
0.14657
-0.03436
-0.14022
-0.02527
0.0608
0.03116
0.07517
0.18192
0.18972
0.14617
0.14139
0.11809
0.00779
-0.11544
-0.23014
-0.31467
-0.32336
-0.31116
-0.21181
-0.06478
-0.10613
-0.16491
-0.07554
-0.00614
-0.00839
0.01325
-0.01044
-0.09911
-0.08741
-0.02253
-0.06618
-0.02148
0.05602
-0.09987
-0.2323
-0.16335
-0.04096
0.04129
0.00401
-0.07692
-0.03845
-0.02802
-0.05526
-0.00605
0.06857
0.16223
0.25164
0.21157
0.10313
0.04747
0.01026
-0.06263
-0.14723
-0.19654
-0.16322
-0.08384
-0.06793
-0.08906
-0.08662
-0.07736
-0.13253
-0.19041
-0.16824
-0.14484
-0.18132
-0.16718
-0.10867
-0.08536
-0.10188
-0.10709
-0.10013
-0.11423
-0.05033
0.02487
0.04066
0.099
0.16403
0.14577
0.06941
-0.00293
0.01125
0.08672
0.0607
-0.01665
-0.06408
-0.06666
0.00998
0.09573
0.10196
0.08024
0.10019
0.05474
-0.06881
-0.14228
-0.11665
-0.06408
-0.13835
-0.1803
-0.00374
0.14769
0.08045
0.006
0.08251
0.16374
0.1299
0.00782
-0.06847
-0.0815
-0.17003
-0.26885
-0.2031
-0.04984
0.05411
0.02299
-0.06014
-0.02384
0.10236
0.12374
0.03359
-0.01114
-0.00727
0.03461
0.06573
-0.00106
-0.01021
0.08098
0.09489
0.02098
-0.04271
-0.05252
-0.07693
-0.17523
-0.2495
-0.1825
-0.05403
-0.0111
0.05052
0.11467
0.08793
0.07114
0.12585
0.1903
0.21421
0.20762
0.2073
0.22652
0.22757
0.15885
0.11574
0.14313
0.11136
0.01325
-0.00819
0.05895
0.08907
0.09502
0.14485
0.19068
0.19308
0.16083
0.11447
0.09382
0.08756
0.05176
0.02743
-0.0102
-0.11904
-0.18079
-0.14836
-0.13892
-0.14006
-0.08392
-0.09565
-0.16692
-0.0953
0.02299
-0.0231
-0.1191
-0.0658
0.06435
0.10687
0.00897
-0.04794
0.06377
0.12443
-0.00157
-0.07273
0.06471
0.13527
0.04276
0.05736
0.17798
0.16849
0.02686
-0.03054
-0.03818
-0.10645
-0.13049
-0.00639
0.07808
-0.0223
-0.07499
0.04181
0.05863
-0.06525
-0.05531
0.05322
0.12162
0.14787
0.11624
0.03983
0.00288
-0.04572
-0.08966
0.0079
0.10667
0.08424
0.12742
0.23047
0.16972
0.07845
0.13818
0.21019
0.18845
0.14309
0.10135
0.11503
0.09605
-0.14445
-0.38017
-0.28748
-0.08301
-0.01552
0.04785
0.08584
0.01981
0.03965
0.14098
0.08957
-0.02121
-0.01086
0.01109
-0.05021
-0.04539
-0.02056
-0.0908
-0.14204
-0.14281
-0.17485
-0.16231
-0.00836
0.08646
-0.02377
-0.11783
-0.0903
-0.06799
-0.02444
0.04278
0.03289
-0.05548
-0.1075
-0.01416
0.08192
-0.01413
-0.15188
-0.12954
-0.09352
-0.11019
-0.06883
0.00948
0.08199
0.06652
-0.02258
0.00194
0.06154
0.04391
0.06668
0.14753
0.17381
0.09749
-0.00547
-0.11486
-0.18221
-0.11811
-0.05519
-0.07311
-0.05292
-0.00077
-0.04798
-0.15179
-0.13327
-0.08774
-0.13439
-0.15855
-0.10508
-0.02796
0.07314
0.16744
0.18788
0.09741
0.01174
0.02277
-0.01706
-0.14749
-0.06589
0.16883
0.16099
0.08796
0.12748
0.11055
-0.00611
-0.10785
-0.09564
-0.02327
0.00735
0.04762
0.08753
0.11477
0.15174
0.10672
-0.00189
-0.02245
-0.01257
0.00469
0.04948
0.04432
-0.00196
0.01859
0.04751
0.01293
-0.01653
0.00308
0.03056
0.03429
0.01292
-0.02535
-0.07991
-0.12266
-0.10189
-0.08354
-0.14689
-0.14505
-0.03
-0.02178
-0.15747
-0.20728
-0.16476
-0.13213
-0.10466
-0.09408
-0.06815
0.0068
0.04443
0.0394
0.06738
0.08946
0.05901
0.02603
0.0151
0.02074
-0.03101
-0.15565
-0.19091
-0.09637
0.01474
0.02776
-0.00306
-0.0229
-0.05402
-0.05431
-0.03494
-0.02286
-0.02908
-0.0755
-0.08889
-0.02257
0.03919
0.04969
0.02668
0.01874
0.03288
0.03812
0.06239
0.10803
0.11219
0.04417
-0.02503
-0.04373
-0.05535
-0.10783
-0.16271
-0.15507
-0.07938
-0.00371
0.01728
-0.01625
-0.06596
-0.09163
-0.11601
-0.12812
-0.0766
-0.02417
0.00311
0.05164
0.08382
0.04877
0.03277
0.09396
0.12197
0.10658
0.11899
0.1179
0.08333
0.07894
0.12482
0.12697
0.06545
0.04905
0.10828
0.1254
0.04406
0.01242
0.09142
0.12681
0.07384
0.04461
0.07508
0.0952
0.08385
0.07305
0.07226
0.05562
0.02675
0.02238
0.04324
0.0338
-0.00671
-0.01741
-0.02116
-0.06337
-0.11221
-0.1244
-0.08881
-0.03619
-0.03657
-0.09511
-0.11066
-0.09804
-0.14556
-0.18103
-0.13133
-0.03742
0.03936
0.03569
-0.01868
-0.02288
0.00582
0.03057
0.05386
0.06221
0.03772
-0.01316
-0.04444
-0.04076
-0.04649
-0.04696
0.00077
0.06248
0.07522
0.03808
0.01876
0.03062
0.04913
0.05689
0.05843
0.07846
0.1023
0.09235
0.06545
0.05509
0.04563
0.00939
-0.0277
-0.01833
0.03379
0.0667
0.07324
0.05369
0.0055
0.00522
0.05012
0.04758
0.01597
0.0265
0.05199
0.04181
0.04788
0.08074
0.09756
0.07779
0.04542
0.05484
0.10644
0.12208
0.07657
0.00299
-0.08384
-0.15041
-0.16092
-0.11813
-0.06137
-0.00747
0.01564
-0.01242
-0.05079
-0.0568
-0.05902
-0.0673
-0.04898
-0.0195
-0.00644
-0.02508
-0.06523
-0.10407
-0.14006
-0.17031
-0.15513
-0.10282
-0.0686
-0.03721
-0.01318
-0.00001
0.03124
0.06857
0.09141
0.09738
0.08818
0.06029
0.00497
-0.0608
-0.07297
-0.02501
-0.00098
0.02535
0.08357
0.08435
0.03472
0.00758
-0.00658
-0.05011
-0.10337
-0.09553
-0.04477
-0.04033
-0.02664
0.04072
0.0884
0.08064
0.06967
0.06533
0.0625
0.04842
0.01569
0.00133
-0.00209
-0.0305
-0.06386
-0.06425
-0.03777
-0.01865
-0.00485
0.04016
0.08402
0.05746
-0.00572
-0.0417
-0.04161
-0.01919
0.0067
0.02875
0.0509
0.06601
0.06297
0.04158
0.00356
-0.05472
-0.10736
-0.11466
-0.08385
-0.05995
-0.05118
-0.01555
0.03896
0.04062
-0.01913
-0.08383
-0.09459
-0.05388
0.00425
0.05267
0.07096
0.04963
0.01092
-0.00895
-0.02312
-0.02298
0.00527
0.01393
-0.01656
-0.02253
0.00472
-0.00913
-0.05281
-0.06275
-0.05322
-0.04818
-0.00905
0.02104
-0.00946
-0.03331
-0.02465
-0.01077
0.02186
0.05041
0.04005
0.0208
0.01363
0.01196
0.00118
-0.00041
0.0346
0.05325
0.02704
0.01448
0.01923
0.02898
0.06454
0.10706
0.10656
0.04831
-0.02072
-0.05184
-0.03228
-0.00541
0.01059
0.03338
0.04407
0.03415
0.04097
0.0477
0.01644
-0.03146
-0.04431
-0.02948
-0.03393
-0.03769
-0.03737
-0.04373
-0.01652
0.03132
0.05523
0.05427
0.02954
-0.01179
-0.03041
-0.01678
0.00475
0.03376
0.06532
0.05849
-0.00415
-0.06215
-0.06598
-0.04276
-0.04515
-0.08108
-0.09093
-0.07122
-0.06969
-0.0639
-0.03931
-0.00804
0.01166
0.00558
0.00037
-0.00436
-0.03609
-0.07286
-0.07681
-0.0536
-0.01913
0.02897
0.05817
0.0214
-0.01833
-0.00649
-0.01091
-0.05707
-0.06628
-0.00426
0.0209
-0.00873
0.01648
0.07438
0.06347
0.00237
-0.01814
-0.00704
-0.01525
-0.0324
-0.02469
-0.01412
-0.02355
-0.02558
0.00008
0.02322
0.04103
0.06487
0.06256
0.04046
0.03882
0.02871
0.01142
0.00901
0.00016
-0.0095
0.01365
0.03745
0.02321
-0.00466
-0.02825
-0.05912
-0.07702
-0.05288
-0.00791
0.02618
0.03515
0.02912
0.01978
0.01703
0.01428
-0.00177
-0.01681
-0.00986
0.00386
-0.00717
-0.017
0.01372
0.05021
0.04649
0.02923
0.03304
0.04507
0.03342
0.02165
0.033
0.03992
0.02651
0.01561
0.02654
0.04583
0.04978
0.03213
0.02266
0.03285
0.03483
0.03628
0.05572
0.06983
0.06595
0.06078
0.0541
0.032
0.00815
0.00842
0.02457
0.0222
0.00428
-0.00031
0.00025
-0.00949
-0.01835
-0.02788
-0.04249
-0.05405
-0.0534
-0.04562
-0.04469
-0.04281
-0.03425
-0.02996
-0.02966
-0.02508
-0.01592
-0.00865
-0.0079
-0.00547
0.00528
0.01623
0.01554
0.00304
-0.0005
0.00723
0.00661
-0.00605
-0.01581
-0.01272
-0.00734
-0.01252
-0.01511
-0.01003
-0.0121
-0.01927
-0.01942
-0.01166
-0.00763
-0.01069
-0.01321
-0.01148
-0.00995
-0.01182
-0.012
-0.00882
-0.00719
-0.00778
-0.00811
-0.00789
-0.00714
-0.00556
-0.00395
-0.00303
-0.00273
-0.00299
-0.00337
-0.00355
-0.00352
-0.00334
-0.00303
-0.00247
-0.00172
-0.00108
-0.00071
-0.00053
-0.00029
-0.00006
0.00016
0.00039
0.0006
0.0008
0.001
0.0012
0.0014
0.00157
0.00173
0.00187
0.002
0.00212
0.00224
0.00234
0.00243
0.0025
0.00257
0.00262