0
0.00185
0.00741
0.0167
0.02973
0.04647
0.06686
0.09096
0.11878
0.15013
0.1849
0.22318
0.265
0.3101
0.35828
0.40957
0.46399
0.52149
0.58211
0.64591
0.71283
0.78255
0.85471
0.92944
1.00735
1.08867
1.17301
1.25984
1.34892
1.44031
1.53418
1.63031
1.72825
1.82837
1.9305
2.03326
2.1367
2.24156
2.34629
2.44974
2.55361
2.65981
2.76865
2.87941
2.99189
3.1071
3.22587
3.34779
3.47204
3.59712
3.71946
3.83608
3.94897
4.06123
4.17176
4.28033
4.39165
4.50785
4.62334
4.73465
4.84554
4.95613
5.06043
5.15668
5.24872
5.33757
5.42175
5.5032
5.58416
5.66307
5.73988
5.81653
5.89464
5.97439
6.05209
6.12295
6.18646
6.24603
6.3046
6.36431
6.42604
6.48783
6.54865
6.61064
6.67351
6.73418
6.79278
6.8504
6.90692
6.9628
7.01518
7.05963
7.09989
7.1412
7.18078
7.21385
7.23959
7.26109
7.28219
7.30276
7.32086
7.33599
7.34743
7.35412
7.35872
7.36513
7.37058
7.36958
7.36187
7.35041
7.33699
7.32243
7.30698
7.2917
7.27555
7.25365
7.22282
7.18656
7.15168
7.11995
7.08842
7.05425
7.01607
6.97228
6.92196
6.86854
6.81505
6.75727
6.69077
6.61443
6.52652
6.42978
6.33558
6.25046
6.16444
6.06572
5.96018
5.86153
5.77617
5.69941
5.61878
5.52848
5.43748
5.35543
5.27975
5.2059
5.13098
5.04728
4.9503
4.84668
4.74399
4.64438
4.55047
4.46515
4.38509
4.30323
4.22107
4.14596
4.07716
4.00797
3.93267
3.84785
3.75416
3.65533
3.55671
3.46772
3.39106
3.3127
3.22447
3.13797
3.06336
3.00064
2.94649
2.89507
2.83879
2.77505
2.70876
2.64741
2.59815
2.55886
2.51682
2.46348
2.40464
2.34905
2.30123
2.26395
2.23078
2.19071
2.14515
2.10595
2.07663
2.04937
2.01812
1.98233
1.9438
1.90879
1.87873
1.8427
1.79358
1.7376
1.68072
1.6229
1.56394
1.5057
1.45122
1.40119
1.35453
1.31301
1.27587
1.23743
1.19215
1.13284
1.05448
0.96417
0.87511
0.79297
0.71886
0.657
0.61481
0.60395
0.63994
0.7338
0.88265
1.07861
1.32367
1.62254
1.97506
2.38151
2.84279
3.35769
3.92678
4.55077
5.2282
5.95439
6.71799
7.50109
8.28155
9.03516
9.73873
10.36959
10.90486
11.32382
11.61157
11.76566
11.79818
11.72634
11.55917
11.2917
10.91559
10.437
9.87806
9.26153
8.60305
7.90946
7.18075
6.41258
5.61981
4.86616
4.21326
3.63503
3.08742
2.62184
2.28196
2.0493
1.9157
1.89214
1.98057
2.17193
2.44787
2.78016
3.14063
3.51181
3.88589
4.25406
4.60394
4.9255
5.21551
5.4815
5.74524
6.01761
6.27896
6.5251
6.76502
6.97646
7.1483
7.30419
7.45239
7.57182
7.64053
7.64924
7.60427
7.52343
7.41834
7.28196
7.10835
6.90218
6.66514
6.3931
6.07562
5.69736
5.26674
4.82667
4.4149
4.03341
3.66515
3.31383
3.00291
2.74357
2.52162
2.31852
2.12697
1.94482
1.77096
1.60713
1.45297
1.30906
1.18616
1.09811
1.04821
1.02222
0.9987
0.9764
0.98422
1.04938
1.16782
1.31628
1.48385
1.66197
1.82187
1.93653
2.00268
2.02096
1.98739
1.91297
1.81865
1.71034
1.57725
1.41802
1.2511
1.09796
0.96386
0.83437
0.69545
0.5474
0.39685
0.25041
0.12192
0.02566
-0.04579
-0.10585
-0.15184
-0.17596
-0.18188
-0.17904
-0.16856
-0.14687
-0.11502
-0.06943
-0.00912
0.0574
0.12808
0.20698
0.29561
0.39372
0.48747
0.55278
0.57758
0.56154
0.50629
0.42242
0.31671
0.16868
-0.04414
-0.32759
-0.68808
-1.12477
-1.61874
-2.14352
-2.66202
-3.13913
-3.56541
-3.95402
-4.32257
-4.68142
-5.02426
-5.33779
-5.62317
-5.89093
-6.14247
-6.38734
-6.64877
-6.93331
-7.23315
-7.53578
-7.83162
-8.12474
-8.42791
-8.73596
-9.0259
-9.29269
-9.55204
-9.80122
-10.00896
-10.14788
-10.21292
-10.20852
-10.12124
-9.92314
-9.6222
-9.27609
-8.92301
-8.53743
-8.07332
-7.51396
-6.8739
-6.17839
-5.46994
-4.81948
-4.28942
-3.8873
-3.599
-3.43122
-3.37137
-3.3792
-3.42883
-3.52053
-3.66068
-3.85131
-4.1069
-4.441
-4.83203
-5.28468
-5.82214
-6.4296
-7.09649
-7.83446
-8.62967
-9.44338
-10.23716
-10.99397
-11.71576
-12.40115
-13.05068
-13.66421
-14.22229
-14.69101
-15.03404
-15.24703
-15.36343
-15.40993
-15.38204
-15.27071
-15.07527
-14.78449
-14.38025
-13.87088
-13.30017
-12.69275
-12.04614
-11.38666
-10.75176
-10.1439
-9.54731
-8.96455
-8.40637
-7.87323
-7.36776
-6.90346
-6.49228
-6.13002
-5.82583
-5.60837
-5.49097
-5.43667
-5.38035
-5.30267
-5.2547
-5.32266
-5.51714
-5.72696
-5.84263
-5.87281
-5.91971
-6.04475
-6.19456
-6.28247
-6.26572
-6.1202
-5.806
-5.30704
-4.67839
-3.99825
-3.28687
-2.51879
-1.66175
-0.71539
0.21104
0.95543
1.4758
1.89889
2.41086
3.12991
4.03377
5.01346
5.98073
6.87183
7.61178
8.17331
8.62953
9.0904
9.64193
10.326
11.11792
11.92687
12.62822
13.11621
13.37583
13.48927
13.55055
13.62176
13.72033
13.79983
13.82551
13.88189
14.12354
14.66168
15.52417
16.67783
18.06395
19.60347
21.22648
22.89158
24.5254
26.02442
27.35908
28.60951
29.85343
31.09569
32.32528
33.54498
34.71761
35.73146
36.47659
36.92401
37.16871
37.3557
37.4953
37.53233
37.50537
37.47497
37.41599
37.27011
37.03936
36.74674
36.3401
35.75888
35.03168
34.20028
33.23094
32.05066
30.65656
29.17564
27.75404
26.41206
25.05522
23.5922
21.99683
20.26847
18.42338
16.50404
14.53909
12.57411
10.69638
8.96223
7.38758
6.00865
4.86964
3.96144
3.19138
2.4333
1.60132
0.64062
-0.47569
-1.74421
-3.1548
-4.63857
-6.04886
-7.28393
-8.32529
-9.19557
-9.99783
-10.88465
-11.94842
-13.19552
-14.61482
-16.13863
-17.62202
-18.94953
-20.05614
-20.96199
-21.74903
-22.44744
-23.04317
-23.54513
-23.98648
-24.3994
-24.79493
-25.14721
-25.41013
-25.54901
-25.56356
-25.4961
-25.39718
-25.26392
-25.04539
-24.70271
-24.22292
-23.61555
-22.9264
-22.21046
-21.51941
-20.94429
-20.59522
-20.53183
-20.70424
-20.95397
-21.14861
-21.27037
-21.37482
-21.52395
-21.76189
-22.12765
-22.62852
-23.20462
-23.76785
-24.25573
-24.63116
-24.87775
-25.01524
-25.08634
-25.1258
-25.13298
-25.07346
-24.94117
-24.78144
-24.62084
-24.41824
-24.1064
-23.6468
-23.02713
-22.2593
-21.39897
-20.53277
-19.75146
-19.13255
-18.71359
-18.47511
-18.34276
-18.20843
-17.98235
-17.67031
-17.35885
-17.1087
-16.94149
-16.89378
-16.99354
-17.23584
-17.60409
-17.99619
-18.23811
-18.3068
-18.34132
-18.44642
-18.63148
-18.8852
-19.20028
-19.53136
-19.80175
-19.98012
-20.10233
-20.24521
-20.48652
-20.85657
-21.33011
-21.83271
-22.26697
-22.56794
-22.71972
-22.72899
-22.59991
-22.33765
-22.00229
-21.69562
-21.44243
-21.16424
-20.79516
-20.35273
-19.9129
-19.53485
-19.24646
-19.06278
-18.93988
-18.77094
-18.50683
-18.18267
-17.81313
-17.37901
-16.90161
-16.43624
-16.00248
-15.58048
-15.17558
-14.83419
-14.59217
-14.44299
-14.34741
-14.24636
-14.06236
-13.72786
-13.22264
-12.57916
-11.86998
-11.15975
-10.46033
-9.75645
-9.03903
-8.31601
-7.61121
-6.93533
-6.28495
-5.67687
-5.13265
-4.62738
-4.09069
-3.47329
-2.79201
-2.11158
-1.45969
-0.79635
-0.09886
0.6098
1.32281
2.04338
2.73283
3.34639
3.87227
4.30368
4.62207
4.82986
4.95728
5.01976
5.02675
5.03202
5.10969
5.28447
5.51817
5.75537
5.94906
6.08746
6.22556
6.42107
6.68944
7.03265
7.44203
7.88822
8.34967
8.83679
9.36821
9.94058
10.52437
11.08059
11.58
12.01841
12.41936
12.8034
13.17041
13.53632
13.93661
14.39878
14.93657
15.54962
16.22486
16.93887
17.65106
18.31419
18.90605
19.46077
20.04323
20.66817
21.28454
21.86033
22.42431
23.00458
23.6019
24.23282
24.92865
25.69557
26.52238
27.40346
28.32519
29.24914
30.12834
30.91921
31.59156
32.13839
32.56882
32.91926
33.23195
33.50186
33.71675
33.90069
34.07754
34.25265
34.43001
34.59901
34.73569
34.84155
34.93147
35.00119
35.06464
35.1348
35.16731
35.12183
35.01575
34.89097
34.77457
34.6569
34.51685
34.35987
34.18944
34.00233
33.8145
33.65483
33.55853
33.55252
33.62505
33.7415
33.87778
34.01575
34.12839
34.18556
34.17101
34.09542
33.98279
33.84108
33.66596
33.4573
33.21407
32.91865
32.55376
32.12293
31.63134
31.07192
30.4498
29.78273
29.07957
28.33717
27.55354
26.72924
25.86522
24.98219
24.10504
23.24662
22.42748
21.66727
20.96045
20.28113
19.60632
18.93994
18.30094
17.68241
17.0593
16.41398
15.74768
15.08589
14.45647
13.86523
13.3082
12.78621
12.28059
11.75125
11.17256
10.54985
9.89371
9.18539
8.42062
7.65273
6.92849
6.23536
5.55445
4.90622
4.31472
3.76842
3.22819
2.66522
2.06533
1.39806
0.63605
-0.19994
-1.0587
-1.90507
-2.74581
-3.60235
-4.46236
-5.28906
-6.07451
-6.84379
-7.61428
-8.38513
-9.1431
-9.88169
-10.61692
-11.34959
-12.05555
-12.73001
-13.39557
-14.07436
-14.77472
-15.5101
-16.31267
-17.2039
-18.16273
-19.14835
-20.13711
-21.10587
-22.03559
-22.93015
-23.79212
-24.60407
-25.34399
-26.00186
-26.57785
-27.07121
-27.47688
-27.79781
-28.05474
-28.26164
-28.41624
-28.53149
-28.63653
-28.73898
-28.82073
-28.86911
-28.87733
-28.82897
-28.70863
-28.51479
-28.25877
-27.95614
-27.61576
-27.24295
-26.84908
-26.44532
-26.05022
-25.69874
-25.41205
-25.18508
-25.01332
-24.89277
-24.80959
-24.76783
-24.78224
-24.83098
-24.88145
-24.94425
-25.04403
-25.16459
-25.26564
-25.33393
-25.39603
-25.46591
-25.51411
-25.52568
-25.53429
-25.55779
-25.56028
-25.52034
-25.45663
-25.36347
-25.20898
-24.99702
-24.76901
-24.54972
-24.34939
-24.18793
-24.06799
-23.95315
-23.81976
-23.692
-23.58258
-23.46329
-23.3302
-23.21396
-23.11298
-22.99373
-22.82952
-22.61107
-22.34994
-22.07059
-21.79088
-21.5288
-21.29265
-21.05333
-20.78007
-20.46947
-20.10494
-19.6607
-19.15185
-18.60234
-17.99781
-17.31693
-16.56365
-15.75398
-14.90092
-14.00486
-13.0856
-12.2227
-11.48751
-10.85782
-10.26965
-9.68785
-9.08893
-8.46313
-7.82393
-7.16385
-6.45844
-5.72177
-4.98549
-4.25273
-3.52105
-2.80476
-2.10496
-1.41946
-0.76834
-0.16966
0.37094
0.84584
1.26629
1.6796
2.11342
2.53897
2.92624
3.27773
3.60393
3.92209
4.25199
4.58967
4.90795
5.19356
5.4738
5.77361
6.06515
6.30757
6.50005
6.65238
6.76528
6.85358
6.94522
7.06328
7.20263
7.34055
7.48152
7.64159
7.82153
8.03143
8.29566
8.62138
8.98361
9.34328
9.66062
9.91507
10.12309
10.30417
10.45905
10.59526
10.72467
10.83155
10.88687
10.89166
10.85599
10.76905
10.62499
10.44123
10.24807
10.08317
9.97914
9.94158
9.94257
9.95448
9.972
9.97691
9.9378
9.88286
9.87829
9.93264
10.02886
10.17141
10.35082
10.52881
10.67194
10.78146
10.87913
10.98031
11.10015
11.25351
11.45254
11.70576
11.99669
12.29264
12.58178
12.86646
13.15478
13.45925
13.77843
14.1012
14.43182
14.77693
15.12744
15.47468
15.82364
16.18305
16.55426
16.92944
17.29361
17.62719
17.9168
18.16627
18.37761
18.53558
18.64403
18.73373
18.80546
18.82102
18.76129
18.63625
18.45903
18.23964
17.98433
17.70548
17.42687
17.1629
16.91655
16.69624
16.50761
16.34197
16.18798
16.041
15.89841
15.73888
15.52412
15.24294
14.92502
14.60647
14.29595
13.98495
13.66423
13.32432
12.96438
12.59026
12.20597
11.80764
11.38185
10.92639
10.46178
10.00919
9.57391
9.15008
8.73505
8.33235
7.94584
7.58522
7.26427
6.98263
6.71823
6.44732
6.15971
5.84771
5.49325
5.07902
4.60839
4.10662
3.59981
3.09621
2.58519
2.04985
1.47864
0.86271
0.20067
-0.49137
-1.19453
-1.89509
-2.57646
-3.22933
-3.86181
-4.4764
-5.05628
-5.59114
-6.08236
-6.52777
-6.9291
-7.29577
-7.62817
-7.91445
-8.15507
-8.36706
-8.55485
-8.70291
-8.80821
-8.89296
-8.96561
-9.00523
-9.00087
-8.96599
-8.90969
-8.82461
-8.70424
-8.55092
-8.36829
-8.15833
-7.92736
-7.68428
-7.43077
-7.16228
-6.88255
-6.60351
-6.33084
-6.06899
-5.83245
-5.63753
-5.48831
-5.37283
-5.27501
-5.19535
-5.15019
-5.14662
-5.18545
-5.28061
-5.44124
-5.6505
-5.87558
-6.09047
-6.29467
-6.50292
-6.718
-6.93105
-7.13219
-7.31318
-7.4719
-7.61755
-7.76707
-7.93175
-8.11304
-8.31223
-8.5267
-8.73994
-8.93188
-9.09755
-9.24712
-9.38729
-9.51501
-9.62415
-9.71138
-9.77447
-9.80651
-9.80063
-9.75961
-9.69184
-9.60238
-9.49678
-9.38754
-9.28614
-9.18913
-9.08012
-8.94667
-8.78618
-8.60649
-8.42152
-8.23154
-8.025
-7.80168
-7.56935
-7.32564
-7.06386
-6.78461
-6.48482
-6.1544
-5.78809
-5.39208
-4.97551
-4.53467
-4.05441
-3.53025
-2.97788
-2.4252
-1.9041
-1.43835
-1.03226
-0.6716
-0.33522
-0.00378
0.33045
0.65913
0.97
1.25882
1.52409
1.76469
1.9868
2.20019
2.40897
2.6065
2.77853
2.9099
2.98669
2.99962
2.95411
2.86707
2.75293
2.6237
2.48858
2.35465
2.23338
2.13806
2.07751
2.05418
2.06423
2.09615
2.12933
2.14216
2.13029
2.10704
2.08355
2.0721
2.08968
2.13707
2.19955
2.26585
2.32766
2.36916
2.3741
2.34436
2.29403
2.22847
2.15597
2.09816
2.07141
2.07609
2.10855
2.16675
2.24873
2.34849
2.45561
2.56397
2.66987
2.76349
2.8342
2.88146
2.91341
2.9377
2.96213
3.00225
3.07073
3.15936
3.24752
3.32169
3.38098
3.43298
3.48735
3.55301
3.63819
3.74808
3.88148
4.0301
4.1788
4.3064
4.39483
4.44076
4.45334
4.4414
4.41114
4.37601
4.35271
4.34133
4.32212
4.27354
4.19122
4.08889
3.98759
3.90499
3.84764
3.80863
3.77514
3.73851
3.69374
3.64179
3.59063
3.54238
3.48923
3.42941
3.36876
3.30257
3.21787
3.10982
2.98059
2.83468
2.68464
2.53888
2.38984
2.22986
2.06055
1.88824
1.72424
1.57748
1.44585
1.32317
1.2062
1.09332
0.98151
0.87193
0.77486
0.69575
0.62814
0.56735
0.51443
0.47457
0.46049
0.48561
0.54876
0.63017
0.70592
0.76465
0.81118
0.85489
0.90319
0.9638
1.04035
1.1314
1.23852
1.36187
1.49059
1.60926
1.71235
1.80261
1.8796
1.94207
1.98943
2.02183
2.0491
2.08709
2.14514
2.22292
2.3112
2.39635
2.47168
2.54093
2.61254
2.69757
2.80571
2.93316
3.05928
3.16456
3.24571
3.30842
3.35121
3.36389
3.34282
3.29262
3.21535
3.11423
2.99813
2.87812
2.76099
2.64612
2.53142
2.41324
2.28058
2.12146
1.93399
1.72622
1.51183
1.30758
1.12184
0.9443
0.76294
0.57798
0.386
0.17404
-0.05927
-0.29665
-0.52942
-0.76203
-0.98604
-1.18536
-1.36305
-1.53716
-1.71632
-1.89951
-2.08926
-2.29011
-2.50045
-2.71765
-2.9436
-3.17777
-3.41208
-3.63763
-3.84668
-4.03199
-4.19404
-4.33887
-4.46903
-4.58839
-4.70229
-4.81308
-4.92386
-5.03622
-5.14318
-5.23793
-5.32447
-5.41255
-5.5122
-5.6342
-5.78367
-5.95253
-6.1252
-6.28925
-6.44048
-6.5805
-6.71233
-6.83748
-6.95789
-7.07893
-7.20513
-7.33476
-7.46449
-7.59696
-7.73345
-7.86417
-7.97782
-8.07411
-8.15756
-8.2275
-8.28131
-8.322
-8.3527
-8.37073
-8.37443
-8.36756
-8.35314
-8.32776
-8.28539
-8.22491
-8.15128
-8.06748
-7.97132
-7.86153
-7.73633
-7.58961
-7.41667
-7.21793
-6.99544
-6.75273
-6.49758
-6.23765
-5.97338
-5.70068
-5.42028
-5.13734
-4.85418
-4.57159
-4.29267
-4.02099
-3.76059
-3.51666
-3.29314
-3.09011
-2.90542
-2.73821
-2.58737
-2.45024
-2.32513
-2.21138
-2.10718
-2.00934
-1.91533
-1.82431
-1.73489
-1.64338
-1.54627
-1.44384
-1.33962
-1.23486
-1.12782
-1.01896
-0.91229
-0.81099
-0.71453
-0.62164
-0.53349
-0.45076
-0.37244
-0.2992
-0.23307
-0.17404
-0.11983
-0.06907
-0.02248
0.01921
0.05638
0.08942
0.11794
0.14197
0.16244
0.17994
0.1944
0.20572
0.21398
0.21949
0.22282
0.22456
0.22506
0.22446
0.22268
0.21959
0.21511
0.20927
0.20213
0.19381
0.18454
0.17458
0.16418
0.15349
0.14259
0.13159
0.12055
0.10958
0.09876
0.08817
0.0779
0.06802
0.05862
0.04976
0.04151
0.03394
0.02711
0.02106
0.01585
0.01151
0.00809
0.00561
0.00412
0.00364